5 60 1 1 3 1 720.0
1 -3.749 5.552 3.0 1.0 0.0 720.0
2 -1.577 7.52 3.0 1.0 0.0 720.0
3 7.942 4.304 3.0 1.0 0.0 720.0
4 -9.318 -3.515 3.0 1.0 0.0 720.0
5 -3.7 5.203 3.0 1.0 0.0 720.0
6 -3.238 -0.685 3.0 1.0 0.0 720.0
7 5.814 4.248 3.0 1.0 0.0 720.0
8 -5.739 -3.147 3.0 1.0 0.0 720.0
9 9.193 1.411 3.0 1.0 0.0 720.0
10 5.181 4.046 3.0 1.0 0.0 720.0
11 -9.966 -1.458 3.0 1.0 0.0 720.0
12 6.932 2.922 3.0 1.0 0.0 720.0
13 6.303 1.899 3.0 1.0 0.0 720.0
14 9.911 -4.953 3.0 1.0 0.0 720.0
15 0.815 0.467 3.0 1.0 0.0 720.0
16 9.752 -2.539 3.0 1.0 0.0 720.0
17 1.572 3.229 3.0 1.0 0.0 720.0
18 -3.786 -1.139 3.0 1.0 0.0 720.0
19 -3.526 5.7 3.0 1.0 0.0 720.0
20 -1.423 9.894 3.0 1.0 0.0 720.0
21 -7.796 -6.586 3.0 1.0 0.0 720.0
22 -2.198 -5.68 3.0 1.0 0.0 720.0
23 -3.942 3.533 3.0 1.0 0.0 720.0
24 1.016 2.96 3.0 1.0 0.0 720.0
25 -6.957 5.92 3.0 1.0 0.0 720.0
26 2.005 -1.312 3.0 1.0 0.0 720.0
27 4.632 -1.672 3.0 1.0 0.0 720.0
28 8.629 0.035 3.0 1.0 0.0 720.0
29 -2.739 2.682 3.0 1.0 0.0 720.0
30 -2.415 -3.217 3.0 1.0 293.0 308.0
31 4.142 -8.268 3.0 1.0 241.0 256.0
32 -8.204 -6.171 3.0 1.0 420.0 435.0
33 1.557 -2.247 3.0 1.0 468.0 483.0
34 -2.649 -0.062 3.0 1.0 389.0 404.0
35 -2.21 -2.626 3.0 1.0 52.0 67.0
36 -0.965 1.398 3.0 1.0 510.0 525.0
37 3.293 -6.163 3.0 1.0 425.0 440.0
38 6.26 1.156 3.0 1.0 531.0 546.0
39 -1.29 -0.247 3.0 1.0 567.0 582.0
40 6.221 0.545 3.0 1.0 176.0 191.0
41 -8.357 -4.75 3.0 1.0 134.0 149.0
42 8.641 4.675 3.0 1.0 37.0 52.0
43 -3.014 -8.91 3.0 1.0 617.0 632.0
44 9.241 7.096 3.0 1.0 44.0 59.0
45 -7.526 -8.964 3.0 1.0 213.0 228.0
46 -3.528 1.269 3.0 1.0 388.0 403.0
47 -1.421 -6.092 3.0 1.0 331.0 346.0
48 8.939 -1.92 3.0 1.0 238.0 253.0
49 4.895 4.208 3.0 1.0 516.0 531.0
50 6.136 -8.738 3.0 1.0 362.0 377.0
51 2.176 -6.143 3.0 1.0 86.0 101.0
52 -8.274 -3.794 3.0 1.0 411.0 426.0
53 -6.743 -2.11 3.0 1.0 10.0 25.0
54 -7.987 -6.031 3.0 1.0 358.0 373.0
55 -5.328 -5.125 3.0 1.0 199.0 214.0
56 9.975 5.419 3.0 1.0 91.0 106.0
57 2.868 -5.54 3.0 1.0 466.0 481.0
58 6.023 4.021 3.0 1.0 188.0 203.0
59 -3.506 5.704 3.0 1.0 246.0 261.0
60 8.726 -0.642 3.0 1.0 364.0 379.0
61 -3.951 5.28 3.0 -1.0 59.0 74.0
62 -3.291 6.934 3.0 -1.0 350.0 365.0
63 6.165 4.66 3.0 -1.0 240.0 255.0
64 -9.3 -3.519 3.0 -1.0 408.0 423.0
65 -4.165 5.11 3.0 -1.0 255.0 270.0
66 -3.759 0.729 3.0 -1.0 249.0 264.0
67 6.943 2.717 3.0 -1.0 591.0 606.0
68 -4.939 -4.715 3.0 -1.0 304.0 319.0
69 7.418 1.313 3.0 -1.0 613.0 628.0
70 5.184 5.827 3.0 -1.0 529.0 544.0
71 -9.163 -0.535 3.0 -1.0 222.0 237.0
72 8.079 1.33 3.0 -1.0 367.0 382.0
73 5.25 1.092 3.0 -1.0 104.0 119.0
74 9.342 -6.016 3.0 -1.0 126.0 141.0
75 -0.229 -0.041 3.0 -1.0 636.0 651.0
76 8.136 -1.971 3.0 -1.0 613.0 628.0
77 0.866 2.558 3.0 -1.0 427.0 442.0
78 -4.934 -1.466 3.0 -1.0 430.0 445.0
79 -3.359 5.832 3.0 -1.0 568.0 583.0
80 -1.554 9.925 3.0 -1.0 285.0 300.0
81 -7.016 -6.937 3.0 -1.0 460.0 475.0
82 -1.624 -6.674 3.0 -1.0 219.0 234.0
83 -4.16 4.48 3.0 -1.0 689.0 704.0
84 1.096 2.78 3.0 -1.0 465.0 480.0
85 -6.511 4.066 3.0 -1.0 498.0 513.0
86 1.187 -2.197 3.0 -1.0 247.0 262.0
87 5.464 -0.959 3.0 -1.0 356.0 371.0
88 8.69 -0.068 3.0 -1.0 672.0 687.0
89 -2.898 2.81 3.0 -1.0 474.0 489.0
90 -2.926 -4.255 3.0 -1.0 0.0 720.0
91 4.733 -7.444 3.0 -1.0 0.0 720.0
92 -9.771 -6.265 3.0 -1.0 0.0 720.0
93 1.425 -2.311 3.0 -1.0 0.0 720.0
94 -4.086 0.999 3.0 -1.0 0.0 720.0
95 -3.006 -3.001 3.0 -1.0 0.0 720.0
96 -2.89 0.949 3.0 -1.0 0.0 720.0
97 3.617 -6.544 3.0 -1.0 0.0 720.0
98 5.955 1.188 3.0 -1.0 0.0 720.0
99 -1.315 -0.213 3.0 -1.0 0.0 720.0
100 6.758 0.135 3.0 -1.0 0.0 720.0
101 -7.145 -4.999 3.0 -1.0 0.0 720.0
102 8.833 5.469 3.0 -1.0 0.0 720.0
103 -2.647 -7.102 3.0 -1.0 0.0 720.0
104 9.854 7.018 3.0 -1.0 0.0 720.0
105 -7.293 -8.982 3.0 -1.0 0.0 720.0
106 -2.937 0.77 3.0 -1.0 0.0 720.0
107 -1.196 -5.828 3.0 -1.0 0.0 720.0
108 7.946 -2.503 3.0 -1.0 0.0 720.0
109 4.661 4.385 3.0 -1.0 0.0 720.0
110 5.644 -8.706 3.0 -1.0 0.0 720.0
111 1.972 -6.058 3.0 -1.0 0.0 720.0
112 -7.98 -1.893 3.0 -1.0 0.0 720.0
113 -7.024 -0.799 3.0 -1.0 0.0 720.0
114 -8.086 -4.847 3.0 -1.0 0.0 720.0
115 -4.095 -6.119 3.0 -1.0 0.0 720.0
116 9.774 3.544 3.0 -1.0 0.0 720.0
117 4.086 -4.32 3.0 -1.0 0.0 720.0
118 6.183 4.842 3.0 -1.0 0.0 720.0
119 -2.806 5.262 3.0 -1.0 0.0 720.0
120 8.389 -0.408 3.0 -1.0 0.0 720.0
121 0.0 0.0 0.0 0.0 0.0 720.0
122 0.0 0.0 0.0 0.0 0.0 720.0
123 0.0 0.0 0.0 0.0 0.0 720.0
124 0.0 0.0 0.0 0.0 0.0 720.0
125 0.0 0.0 0.0 0.0 0.0 720.0
126 0.0 0.0 0.0 0.0 0.0 720.0
127 0.0 0.0 0.0 0.0 0.0 720.0
128 0.0 0.0 0.0 0.0 0.0 720.0
129 0.0 0.0 0.0 0.0 0.0 720.0
130 0.0 0.0 0.0 0.0 0.0 720.0
131 0.0 0.0 0.0 0.0 0.0 720.0
132 -4.0 -4.0 0.0 0.0 0.0 720.0
133 4.0 4.0 0.0 0.0 0.0 720.0
121
126
121 122 123 124 125 
126 127 128 129 130 
131 132 133 
30.0 30.0 30.0 30.0 30.0 30.0 30.0 30.0 30.0 30.0 30.0 30.0 30.0 30.0 30.0 30.0 30.0 30.0 30.0 30.0 30.0 30.0 30.0 30.0 30.0 30.0 30.0 30.0 30.0 30.0 30.0 30.0 30.0 30.0 30.0 30.0 30.0 30.0 30.0 30.0 30.0 30.0 30.0 30.0 30.0 30.0 30.0 30.0 30.0 30.0 30.0 30.0 30.0 30.0 30.0 30.0 30.0 30.0 30.0 30.0 
3.0 3.0 3.0 3.0 3.0 
14.85 14.85 14.85 14.85 14.85 
14.85 14.85 14.85 14.85 14.85 
0.7 0.7 0.7 0.7 0.7 
0.055 0.055 0.055 
0.055
0.75 0.25
