6 48 1 1 3 1 720.0
1 7.192 0.854 3.0 1.0 0.0 720.0
2 -7.887 -8.089 3.0 1.0 0.0 720.0
3 6.131 -0.846 3.0 1.0 0.0 720.0
4 -3.99 8.04 3.0 1.0 0.0 720.0
5 -5.627 -5.354 3.0 1.0 0.0 720.0
6 7.656 -6.876 3.0 1.0 0.0 720.0
7 -6.458 2.198 3.0 1.0 0.0 720.0
8 -1.289 5.439 3.0 1.0 0.0 720.0
9 7.466 -1.295 3.0 1.0 0.0 720.0
10 -7.653 -7.953 3.0 1.0 0.0 720.0
11 -5.357 2.437 3.0 1.0 0.0 720.0
12 1.926 -7.522 3.0 1.0 0.0 720.0
13 -3.386 2.688 3.0 1.0 0.0 720.0
14 4.316 1.146 3.0 1.0 0.0 720.0
15 -6.486 -7.469 3.0 1.0 0.0 720.0
16 4.255 4.219 3.0 1.0 0.0 720.0
17 0.012 -4.451 3.0 1.0 0.0 720.0
18 -2.189 6.524 3.0 1.0 0.0 720.0
19 4.607 -3.168 3.0 1.0 0.0 720.0
20 5.548 0.188 3.0 1.0 0.0 720.0
21 -5.981 3.802 3.0 1.0 0.0 720.0
22 4.167 -0.113 3.0 1.0 0.0 720.0
23 1.427 3.485 3.0 1.0 0.0 720.0
24 7.096 -2.709 3.0 1.0 51.0 66.0
25 4.601 6.936 3.0 1.0 519.0 534.0
26 -0.921 -5.456 3.0 1.0 184.0 199.0
27 0.271 0.194 3.0 1.0 388.0 403.0
28 9.842 -3.257 3.0 1.0 494.0 509.0
29 6.624 7.886 3.0 1.0 156.0 171.0
30 -1.826 -9.392 3.0 1.0 379.0 394.0
31 8.609 5.526 3.0 1.0 113.0 128.0
32 -2.031 5.943 3.0 1.0 532.0 547.0
33 4.745 4.65 3.0 1.0 267.0 282.0
34 -6.761 -4.253 3.0 1.0 117.0 132.0
35 -4.479 -3.033 3.0 1.0 362.0 377.0
36 3.126 -7.218 3.0 1.0 403.0 418.0
37 3.674 3.45 3.0 1.0 253.0 268.0
38 -0.259 6.038 3.0 1.0 332.0 347.0
39 -6.114 -5.466 3.0 1.0 551.0 566.0
40 -0.162 0.53 3.0 1.0 82.0 97.0
41 1.299 -6.372 3.0 1.0 289.0 304.0
42 2.464 -9.303 3.0 1.0 348.0 363.0
43 5.239 -1.732 3.0 1.0 528.0 543.0
44 0.476 -7.728 3.0 1.0 61.0 76.0
45 7.185 2.985 3.0 1.0 108.0 123.0
46 9.56 8.515 3.0 1.0 431.0 446.0
47 0.434 -7.274 3.0 1.0 75.0 90.0
48 -9.879 -1.856 3.0 1.0 652.0 667.0
49 -9.036 -0.987 3.0 -1.0 428.0 443.0
50 -0.514 5.452 3.0 -1.0 656.0 671.0
51 9.843 -0.797 3.0 -1.0 239.0 254.0
52 -8.657 -2.728 3.0 -1.0 344.0 359.0
53 4.343 -8.853 3.0 -1.0 117.0 132.0
54 -5.35 2.388 3.0 -1.0 547.0 562.0
55 -1.987 -0.785 3.0 -1.0 392.0 407.0
56 8.454 8.148 3.0 -1.0 275.0 290.0
57 -0.384 -0.216 3.0 -1.0 456.0 471.0
58 -8.13 -3.234 3.0 -1.0 433.0 448.0
59 -6.507 -1.89 3.0 -1.0 501.0 516.0
60 4.944 -8.728 3.0 -1.0 138.0 153.0
61 6.486 -1.833 3.0 -1.0 119.0 134.0
62 -7.719 -2.164 3.0 -1.0 278.0 293.0
63 -6.803 3.582 3.0 -1.0 279.0 294.0
64 -2.82 -4.767 3.0 -1.0 653.0 668.0
65 -6.196 -7.828 3.0 -1.0 562.0 577.0
66 -4.836 -1.631 3.0 -1.0 630.0 645.0
67 4.29 -2.153 3.0 -1.0 191.0 206.0
68 -9.683 -0.977 3.0 -1.0 259.0 274.0
69 7.625 3.715 3.0 -1.0 501.0 516.0
70 4.438 -9.455 3.0 -1.0 417.0 432.0
71 0.792 2.966 3.0 -1.0 583.0 598.0
72 -0.507 2.334 3.0 -1.0 0.0 720.0
73 -5.262 3.084 3.0 -1.0 0.0 720.0
74 -7.96 7.329 3.0 -1.0 0.0 720.0
75 4.198 2.001 3.0 -1.0 0.0 720.0
76 -9.42 6.013 3.0 -1.0 0.0 720.0
77 6.954 7.619 3.0 -1.0 0.0 720.0
78 -6.753 -0.301 3.0 -1.0 0.0 720.0
79 -0.867 3.415 3.0 -1.0 0.0 720.0
80 0.379 -8.334 3.0 -1.0 0.0 720.0
81 4.118 7.582 3.0 -1.0 0.0 720.0
82 0.928 7.559 3.0 -1.0 0.0 720.0
83 -3.148 1.247 3.0 -1.0 0.0 720.0
84 -6.053 1.143 3.0 -1.0 0.0 720.0
85 0.107 -8.979 3.0 -1.0 0.0 720.0
86 0.947 3.662 3.0 -1.0 0.0 720.0
87 -0.76 3.692 3.0 -1.0 0.0 720.0
88 4.608 -4.399 3.0 -1.0 0.0 720.0
89 -0.264 1.637 3.0 -1.0 0.0 720.0
90 6.801 -7.628 3.0 -1.0 0.0 720.0
91 -3.341 -2.895 3.0 -1.0 0.0 720.0
92 -9.604 -9.965 3.0 -1.0 0.0 720.0
93 3.355 -5.466 3.0 -1.0 0.0 720.0
94 7.589 5.921 3.0 -1.0 0.0 720.0
95 9.465 -7.135 3.0 -1.0 0.0 720.0
96 4.7 -7.497 3.0 -1.0 0.0 720.0
97 0.0 0.0 0.0 0.0 0.0 720.0
98 0.0 0.0 0.0 0.0 0.0 720.0
99 0.0 0.0 0.0 0.0 0.0 720.0
100 0.0 0.0 0.0 0.0 0.0 720.0
101 0.0 0.0 0.0 0.0 0.0 720.0
102 0.0 0.0 0.0 0.0 0.0 720.0
103 0.0 0.0 0.0 0.0 0.0 720.0
104 0.0 0.0 0.0 0.0 0.0 720.0
105 0.0 0.0 0.0 0.0 0.0 720.0
106 0.0 0.0 0.0 0.0 0.0 720.0
107 0.0 0.0 0.0 0.0 0.0 720.0
108 0.0 0.0 0.0 0.0 0.0 720.0
109 0.0 0.0 0.0 0.0 0.0 720.0
110 -4.0 -4.0 0.0 0.0 0.0 720.0
111 4.0 4.0 0.0 0.0 0.0 720.0
97
103
97 98 99 100 101 102 
103 104 105 106 107 108 
109 110 111 
30.0 30.0 30.0 30.0 30.0 30.0 30.0 30.0 30.0 30.0 30.0 30.0 30.0 30.0 30.0 30.0 30.0 30.0 30.0 30.0 30.0 30.0 30.0 30.0 30.0 30.0 30.0 30.0 30.0 30.0 30.0 30.0 30.0 30.0 30.0 30.0 30.0 30.0 30.0 30.0 30.0 30.0 30.0 30.0 30.0 30.0 30.0 30.0 
3.0 3.0 3.0 3.0 3.0 3.0 
14.85 14.85 14.85 14.85 14.85 14.85 
14.85 14.85 14.85 14.85 14.85 14.85 
0.7 0.7 0.7 0.7 0.7 0.7 
0.055 0.055 0.055 
0.055
0.75 0.25
