6 60 1 1 3 1 720.0
1 -3.386 -3.737 3.0 1.0 0.0 720.0
2 8.499 9.33 3.0 1.0 0.0 720.0
3 3.478 -9.425 3.0 1.0 0.0 720.0
4 8.174 4.306 3.0 1.0 0.0 720.0
5 -7.358 1.964 3.0 1.0 0.0 720.0
6 0.043 -3.943 3.0 1.0 0.0 720.0
7 -9.086 -5.031 3.0 1.0 0.0 720.0
8 2.763 -9.335 3.0 1.0 0.0 720.0
9 -9.683 8.024 3.0 1.0 0.0 720.0
10 0.686 -3.915 3.0 1.0 0.0 720.0
11 6.162 -2.158 3.0 1.0 0.0 720.0
12 -0.176 2.003 3.0 1.0 0.0 720.0
13 7.616 -0.101 3.0 1.0 0.0 720.0
14 3.689 -3.357 3.0 1.0 0.0 720.0
15 3.322 -3.688 3.0 1.0 0.0 720.0
16 5.717 6.849 3.0 1.0 0.0 720.0
17 7.143 -8.392 3.0 1.0 0.0 720.0
18 8.086 4.142 3.0 1.0 0.0 720.0
19 -4.325 4.357 3.0 1.0 0.0 720.0
20 0.62 -7.075 3.0 1.0 0.0 720.0
21 -3.003 -4.587 3.0 1.0 0.0 720.0
22 5.772 2.736 3.0 1.0 0.0 720.0
23 -9.802 6.385 3.0 1.0 0.0 720.0
24 7.503 -7.585 3.0 1.0 0.0 720.0
25 -3.436 -4.36 3.0 1.0 0.0 720.0
26 -9.066 -5.878 3.0 1.0 0.0 720.0
27 -9.977 9.131 3.0 1.0 0.0 720.0
28 7.844 9.304 3.0 1.0 0.0 720.0
29 -9.788 -8.834 3.0 1.0 0.0 720.0
30 6.572 2.714 3.0 1.0 180.0 195.0
31 3.363 2.532 3.0 1.0 622.0 637.0
32 -7.952 4.748 3.0 1.0 97.0 112.0
33 -6.109 -7.327 3.0 1.0 140.0 155.0
34 1.333 9.889 3.0 1.0 196.0 211.0
35 -6.467 -8.061 3.0 1.0 276.0 291.0
36 6.604 -5.492 3.0 1.0 407.0 422.0
37 8.048 -8.03 3.0 1.0 353.0 368.0
38 4.224 -5.076 3.0 1.0 586.0 601.0
39 2.998 2.321 3.0 1.0 569.0 584.0
40 3.399 4.261 3.0 1.0 483.0 498.0
41 1.105 -3.797 3.0 1.0 90.0 105.0
42 -6.423 -3.063 3.0 1.0 306.0 321.0
43 -8.116 5.516 3.0 1.0 140.0 155.0
44 2.688 7.388 3.0 1.0 231.0 246.0
45 -7.051 5.007 3.0 1.0 183.0 198.0
46 7.149 0.39 3.0 1.0 40.0 55.0
47 -2.051 7.875 3.0 1.0 525.0 540.0
48 7.674 -5.642 3.0 1.0 37.0 52.0
49 2.805 1.819 3.0 1.0 596.0 611.0
50 5.541 -4.372 3.0 1.0 173.0 188.0
51 -3.006 -3.728 3.0 1.0 85.0 100.0
52 9.192 0.013 3.0 1.0 464.0 479.0
53 6.831 -1.422 3.0 1.0 81.0 96.0
54 -8.905 -6.865 3.0 1.0 496.0 511.0
55 -1.655 8.674 3.0 1.0 411.0 426.0
56 -4.89 6.221 3.0 1.0 286.0 301.0
57 0.662 -4.321 3.0 1.0 591.0 606.0
58 -3.122 8.604 3.0 1.0 323.0 338.0
59 -8.138 -9.796 3.0 1.0 305.0 320.0
60 -2.906 -8.201 3.0 1.0 474.0 489.0
61 -2.098 -1.352 3.0 -1.0 430.0 445.0
62 -8.287 -6.085 3.0 -1.0 59.0 74.0
63 2.147 -6.164 3.0 -1.0 129.0 144.0
64 8.308 3.94 3.0 -1.0 354.0 369.0
65 -8.613 9.927 3.0 -1.0 278.0 293.0
66 0.207 7.495 3.0 -1.0 168.0 183.0
67 -4.097 4.189 3.0 -1.0 450.0 465.0
68 -5.538 -6.015 3.0 -1.0 647.0 662.0
69 -1.395 -1.625 3.0 -1.0 452.0 467.0
70 3.963 -9.274 3.0 -1.0 633.0 648.0
71 5.134 -6.287 3.0 -1.0 533.0 548.0
72 8.661 -2.597 3.0 -1.0 379.0 394.0
73 6.989 -1.082 3.0 -1.0 600.0 615.0
74 6.095 -9.779 3.0 -1.0 658.0 673.0
75 2.305 4.349 3.0 -1.0 283.0 298.0
76 0.202 -9.053 3.0 -1.0 248.0 263.0
77 -4.7 -9.886 3.0 -1.0 608.0 623.0
78 -4.082 8.98 3.0 -1.0 303.0 318.0
79 -0.605 -0.617 3.0 -1.0 54.0 69.0
80 6.158 3.669 3.0 -1.0 652.0 667.0
81 8.156 -5.368 3.0 -1.0 685.0 700.0
82 -5.756 3.011 3.0 -1.0 421.0 436.0
83 8.64 -4.877 3.0 -1.0 90.0 105.0
84 5.726 6.276 3.0 -1.0 61.0 76.0
85 -0.681 -9.882 3.0 -1.0 619.0 634.0
86 2.966 8.599 3.0 -1.0 362.0 377.0
87 -8.023 -5.062 3.0 -1.0 150.0 165.0
88 -2.448 -1.086 3.0 -1.0 256.0 271.0
89 7.899 -5.572 3.0 -1.0 539.0 554.0
90 -3.713 -8.012 3.0 -1.0 0.0 720.0
91 -2.573 9.845 3.0 -1.0 0.0 720.0
92 0.289 -6.074 3.0 -1.0 0.0 720.0
93 1.333 -3.357 3.0 -1.0 0.0 720.0
94 3.524 2.838 3.0 -1.0 0.0 720.0
95 -4.56 -8.81 3.0 -1.0 0.0 720.0
96 -7.926 1.59 3.0 -1.0 0.0 720.0
97 1.809 -8.516 3.0 -1.0 0.0 720.0
98 -9.277 -2.458 3.0 -1.0 0.0 720.0
99 8.707 3.462 3.0 -1.0 0.0 720.0
100 -1.422 -5.453 3.0 -1.0 0.0 720.0
101 5.799 1.222 3.0 -1.0 0.0 720.0
102 8.969 9.887 3.0 -1.0 0.0 720.0
103 -2.981 -9.513 3.0 -1.0 0.0 720.0
104 -5.248 6.34 3.0 -1.0 0.0 720.0
105 -1.419 -2.617 3.0 -1.0 0.0 720.0
106 -1.495 -2.412 3.0 -1.0 0.0 720.0
107 6.563 5.645 3.0 -1.0 0.0 720.0
108 5.364 5.576 3.0 -1.0 0.0 720.0
109 -9.45 -3.024 3.0 -1.0 0.0 720.0
110 -5.929 5.797 3.0 -1.0 0.0 720.0
111 4.097 8.044 3.0 -1.0 0.0 720.0
112 7.276 6.916 3.0 -1.0 0.0 720.0
113 -2.166 6.788 3.0 -1.0 0.0 720.0
114 5.046 5.083 3.0 -1.0 0.0 720.0
115 8.501 5.135 3.0 -1.0 0.0 720.0
116 3.314 -3.358 3.0 -1.0 0.0 720.0
117 1.629 2.616 3.0 -1.0 0.0 720.0
118 4.278 3.893 3.0 -1.0 0.0 720.0
119 -5.99 -9.29 3.0 -1.0 0.0 720.0
120 -5.166 3.018 3.0 -1.0 0.0 720.0
121 0.0 0.0 0.0 0.0 0.0 720.0
122 0.0 0.0 0.0 0.0 0.0 720.0
123 0.0 0.0 0.0 0.0 0.0 720.0
124 0.0 0.0 0.0 0.0 0.0 720.0
125 0.0 0.0 0.0 0.0 0.0 720.0
126 0.0 0.0 0.0 0.0 0.0 720.0
127 0.0 0.0 0.0 0.0 0.0 720.0
128 0.0 0.0 0.0 0.0 0.0 720.0
129 0.0 0.0 0.0 0.0 0.0 720.0
130 0.0 0.0 0.0 0.0 0.0 720.0
131 0.0 0.0 0.0 0.0 0.0 720.0
132 0.0 0.0 0.0 0.0 0.0 720.0
133 0.0 0.0 0.0 0.0 0.0 720.0
134 -4.0 -4.0 0.0 0.0 0.0 720.0
135 4.0 4.0 0.0 0.0 0.0 720.0
121
127
121 122 123 124 125 126 
127 128 129 130 131 132 
133 134 135 
30.0 30.0 30.0 30.0 30.0 30.0 30.0 30.0 30.0 30.0 30.0 30.0 30.0 30.0 30.0 30.0 30.0 30.0 30.0 30.0 30.0 30.0 30.0 30.0 30.0 30.0 30.0 30.0 30.0 30.0 30.0 30.0 30.0 30.0 30.0 30.0 30.0 30.0 30.0 30.0 30.0 30.0 30.0 30.0 30.0 30.0 30.0 30.0 30.0 30.0 30.0 30.0 30.0 30.0 30.0 30.0 30.0 30.0 30.0 30.0 
3.0 3.0 3.0 3.0 3.0 3.0 
14.85 14.85 14.85 14.85 14.85 14.85 
14.85 14.85 14.85 14.85 14.85 14.85 
0.7 0.7 0.7 0.7 0.7 0.7 
0.055 0.055 0.055 
0.055
0.75 0.25
