6 72 1 1 3 1 720.0
1 -7.985 7.175 3.0 1.0 0.0 720.0
2 -3.451 -6.098 3.0 1.0 0.0 720.0
3 1.94 -8.288 3.0 1.0 0.0 720.0
4 0.51 3.288 3.0 1.0 0.0 720.0
5 1.448 2.092 3.0 1.0 0.0 720.0
6 9.812 -3.717 3.0 1.0 0.0 720.0
7 -3.547 -3.849 3.0 1.0 0.0 720.0
8 -4.163 -6.227 3.0 1.0 0.0 720.0
9 -5.655 -9.289 3.0 1.0 0.0 720.0
10 8.217 2.939 3.0 1.0 0.0 720.0
11 5.169 2.486 3.0 1.0 0.0 720.0
12 -0.368 -8.887 3.0 1.0 0.0 720.0
13 -5.797 -8.92 3.0 1.0 0.0 720.0
14 9.659 0.313 3.0 1.0 0.0 720.0
15 4.991 -0.39 3.0 1.0 0.0 720.0
16 3.957 -5.091 3.0 1.0 0.0 720.0
17 5.047 -6.725 3.0 1.0 0.0 720.0
18 -2.055 -6.048 3.0 1.0 0.0 720.0
19 7.27 0.307 3.0 1.0 0.0 720.0
20 -4.896 1.978 3.0 1.0 0.0 720.0
21 2.056 -9.781 3.0 1.0 0.0 720.0
22 3.251 -4.696 3.0 1.0 0.0 720.0
23 -3.699 -0.956 3.0 1.0 0.0 720.0
24 1.503 7.984 3.0 1.0 0.0 720.0
25 -0.162 -3.834 3.0 1.0 0.0 720.0
26 -3.729 7.65 3.0 1.0 0.0 720.0
27 7.86 -0.66 3.0 1.0 0.0 720.0
28 5.837 1.729 3.0 1.0 0.0 720.0
29 -2.195 -6.498 3.0 1.0 0.0 720.0
30 3.294 4.561 3.0 1.0 0.0 720.0
31 9.545 -7.662 3.0 1.0 0.0 720.0
32 6.48 -8.905 3.0 1.0 0.0 720.0
33 6.158 6.031 3.0 1.0 0.0 720.0
34 7.654 5.463 3.0 1.0 0.0 720.0
35 -0.629 -2.664 3.0 1.0 0.0 720.0
36 6.961 -7.026 3.0 1.0 57.0 72.0
37 1.061 6.238 3.0 1.0 74.0 89.0
38 -5.869 -7.082 3.0 1.0 338.0 353.0
39 -6.122 5.717 3.0 1.0 437.0 452.0
40 -8.111 -4.705 3.0 1.0 344.0 359.0
41 -1.287 -3.297 3.0 1.0 457.0 472.0
42 -4.975 -9.725 3.0 1.0 478.0 493.0
43 -5.189 7.823 3.0 1.0 387.0 402.0
44 -2.596 -9.094 3.0 1.0 545.0 560.0
45 -6.657 -0.48 3.0 1.0 331.0 346.0
46 5.044 6.033 3.0 1.0 104.0 119.0
47 3.039 0.819 3.0 1.0 624.0 639.0
48 8.428 5.938 3.0 1.0 116.0 131.0
49 2.154 0.928 3.0 1.0 560.0 575.0
50 9.688 -8.221 3.0 1.0 8.0 23.0
51 2.679 4.014 3.0 1.0 221.0 236.0
52 9.062 -6.848 3.0 1.0 179.0 194.0
53 0.519 8.287 3.0 1.0 139.0 154.0
54 2.988 4.438 3.0 1.0 121.0 136.0
55 9.435 -5.721 3.0 1.0 221.0 236.0
56 2.492 5.671 3.0 1.0 253.0 268.0
57 4.287 -4.937 3.0 1.0 242.0 257.0
58 -1.74 -8.135 3.0 1.0 112.0 127.0
59 3.171 1.125 3.0 1.0 219.0 234.0
60 3.015 -2.583 3.0 1.0 366.0 381.0
61 3.403 3.036 3.0 1.0 510.0 525.0
62 -0.066 5.772 3.0 1.0 478.0 493.0
63 7.098 -1.69 3.0 1.0 601.0 616.0
64 0.465 -3.404 3.0 1.0 505.0 520.0
65 9.694 -0.983 3.0 1.0 607.0 622.0
66 -5.983 -9.114 3.0 1.0 460.0 475.0
67 1.157 -6.071 3.0 1.0 641.0 656.0
68 -1.237 -3.685 3.0 1.0 328.0 343.0
69 1.703 0.684 3.0 1.0 416.0 431.0
70 6.441 -0.203 3.0 1.0 653.0 668.0
71 -9.238 -8.922 3.0 1.0 422.0 437.0
72 -0.502 2.395 3.0 1.0 98.0 113.0
73 -8.058 8.104 3.0 -1.0 645.0 660.0
74 -2.571 -6.635 3.0 -1.0 474.0 489.0
75 2.432 -8.574 3.0 -1.0 598.0 613.0
76 1.137 2.828 3.0 -1.0 595.0 610.0
77 2.353 2.001 3.0 -1.0 424.0 439.0
78 9.646 -2.57 3.0 -1.0 171.0 186.0
79 -4.249 -3.182 3.0 -1.0 604.0 619.0
80 -4.137 -6.819 3.0 -1.0 55.0 70.0
81 -7.052 -8.265 3.0 -1.0 296.0 311.0
82 7.816 2.554 3.0 -1.0 385.0 400.0
83 5.275 2.204 3.0 -1.0 493.0 508.0
84 0.029 -7.82 3.0 -1.0 657.0 672.0
85 -4.065 -9.805 3.0 -1.0 680.0 695.0
86 8.997 1.12 3.0 -1.0 670.0 685.0
87 3.98 0.667 3.0 -1.0 363.0 378.0
88 4.269 -4.635 3.0 -1.0 406.0 421.0
89 6.428 -7.133 3.0 -1.0 518.0 533.0
90 -1.759 -7.144 3.0 -1.0 124.0 139.0
91 6.379 0.018 3.0 -1.0 509.0 524.0
92 -6.114 2.318 3.0 -1.0 471.0 486.0
93 2.295 -9.41 3.0 -1.0 204.0 219.0
94 3.372 -4.757 3.0 -1.0 311.0 326.0
95 -3.989 -0.641 3.0 -1.0 279.0 294.0
96 -0.056 7.124 3.0 -1.0 685.0 700.0
97 0.162 -2.059 3.0 -1.0 484.0 499.0
98 -4.802 6.814 3.0 -1.0 321.0 336.0
99 6.993 -0.445 3.0 -1.0 135.0 150.0
100 5.614 0.578 3.0 -1.0 597.0 612.0
101 -3.345 -5.033 3.0 -1.0 698.0 713.0
102 3.215 4.637 3.0 -1.0 414.0 429.0
103 9.568 -7.895 3.0 -1.0 513.0 528.0
104 6.567 -8.759 3.0 -1.0 526.0 541.0
105 7.307 6.049 3.0 -1.0 140.0 155.0
106 8.132 4.862 3.0 -1.0 426.0 441.0
107 0.873 -2.922 3.0 -1.0 56.0 71.0
108 8.099 -8.103 3.0 -1.0 0.0 720.0
109 1.032 6.442 3.0 -1.0 0.0 720.0
110 -6.225 -8.958 3.0 -1.0 0.0 720.0
111 -6.589 5.424 3.0 -1.0 0.0 720.0
112 -8.149 -4.765 3.0 -1.0 0.0 720.0
113 0.099 -3.51 3.0 -1.0 0.0 720.0
114 -3.899 -9.23 3.0 -1.0 0.0 720.0
115 -5.008 6.711 3.0 -1.0 0.0 720.0
116 -2.456 -7.919 3.0 -1.0 0.0 720.0
117 -8.235 -0.338 3.0 -1.0 0.0 720.0
118 5.267 6.511 3.0 -1.0 0.0 720.0
119 2.87 1.009 3.0 -1.0 0.0 720.0
120 8.519 5.734 3.0 -1.0 0.0 720.0
121 3.506 -0.193 3.0 -1.0 0.0 720.0
122 8.648 -7.396 3.0 -1.0 0.0 720.0
123 1.392 3.721 3.0 -1.0 0.0 720.0
124 9.042 -6.925 3.0 -1.0 0.0 720.0
125 0.585 7.99 3.0 -1.0 0.0 720.0
126 1.755 4.028 3.0 -1.0 0.0 720.0
127 7.963 -5.329 3.0 -1.0 0.0 720.0
128 1.796 3.819 3.0 -1.0 0.0 720.0
129 4.168 -4.882 3.0 -1.0 0.0 720.0
130 -2.509 -8.676 3.0 -1.0 0.0 720.0
131 3.57 1.98 3.0 -1.0 0.0 720.0
132 4.44 -1.805 3.0 -1.0 0.0 720.0
133 4.415 2.68 3.0 -1.0 0.0 720.0
134 -0.044 5.28 3.0 -1.0 0.0 720.0
135 6.963 -3.246 3.0 -1.0 0.0 720.0
136 0.236 -3.825 3.0 -1.0 0.0 720.0
137 9.786 -0.534 3.0 -1.0 0.0 720.0
138 -4.761 -7.878 3.0 -1.0 0.0 720.0
139 1.01 -6.187 3.0 -1.0 0.0 720.0
140 -1.662 -2.898 3.0 -1.0 0.0 720.0
141 3.16 -0.237 3.0 -1.0 0.0 720.0
142 7.007 -1.227 3.0 -1.0 0.0 720.0
143 -9.203 -8.354 3.0 -1.0 0.0 720.0
144 0.474 3.155 3.0 -1.0 0.0 720.0
145 0.0 0.0 0.0 0.0 0.0 720.0
146 0.0 0.0 0.0 0.0 0.0 720.0
147 0.0 0.0 0.0 0.0 0.0 720.0
148 0.0 0.0 0.0 0.0 0.0 720.0
149 0.0 0.0 0.0 0.0 0.0 720.0
150 0.0 0.0 0.0 0.0 0.0 720.0
151 0.0 0.0 0.0 0.0 0.0 720.0
152 0.0 0.0 0.0 0.0 0.0 720.0
153 0.0 0.0 0.0 0.0 0.0 720.0
154 0.0 0.0 0.0 0.0 0.0 720.0
155 0.0 0.0 0.0 0.0 0.0 720.0
156 0.0 0.0 0.0 0.0 0.0 720.0
157 0.0 0.0 0.0 0.0 0.0 720.0
158 -4.0 -4.0 0.0 0.0 0.0 720.0
159 4.0 4.0 0.0 0.0 0.0 720.0
145
151
145 146 147 148 149 150 
151 152 153 154 155 156 
157 158 159 
30.0 30.0 30.0 30.0 30.0 30.0 30.0 30.0 30.0 30.0 30.0 30.0 30.0 30.0 30.0 30.0 30.0 30.0 30.0 30.0 30.0 30.0 30.0 30.0 30.0 30.0 30.0 30.0 30.0 30.0 30.0 30.0 30.0 30.0 30.0 30.0 30.0 30.0 30.0 30.0 30.0 30.0 30.0 30.0 30.0 30.0 30.0 30.0 30.0 30.0 30.0 30.0 30.0 30.0 30.0 30.0 30.0 30.0 30.0 30.0 30.0 30.0 30.0 30.0 30.0 30.0 30.0 30.0 30.0 30.0 30.0 30.0 
3.0 3.0 3.0 3.0 3.0 3.0 
14.85 14.85 14.85 14.85 14.85 14.85 
14.85 14.85 14.85 14.85 14.85 14.85 
0.7 0.7 0.7 0.7 0.7 0.7 
0.055 0.055 0.055 
0.055
0.75 0.25
