7 56 1 1 3 1 720.0
1 -8.083 -7.373 3.0 1.0 0.0 720.0
2 -3.949 7.226 3.0 1.0 0.0 720.0
3 0.422 -6.561 3.0 1.0 0.0 720.0
4 -4.189 -7.293 3.0 1.0 0.0 720.0
5 3.756 9.39 3.0 1.0 0.0 720.0
6 -7.95 -5.828 3.0 1.0 0.0 720.0
7 8.29 -3.958 3.0 1.0 0.0 720.0
8 -0.346 6.783 3.0 1.0 0.0 720.0
9 -3.056 -8.137 3.0 1.0 0.0 720.0
10 -1.006 7.163 3.0 1.0 0.0 720.0
11 -4.811 0.041 3.0 1.0 0.0 720.0
12 0.784 -0.59 3.0 1.0 0.0 720.0
13 -7.56 1.796 3.0 1.0 0.0 720.0
14 4.326 -4.819 3.0 1.0 0.0 720.0
15 -1.191 -8.173 3.0 1.0 0.0 720.0
16 0.309 8.065 3.0 1.0 0.0 720.0
17 6.318 -0.119 3.0 1.0 0.0 720.0
18 -2.423 4.72 3.0 1.0 0.0 720.0
19 -8.701 3.692 3.0 1.0 0.0 720.0
20 9.366 -1.834 3.0 1.0 0.0 720.0
21 8.853 -0.703 3.0 1.0 0.0 720.0
22 7.497 3.124 3.0 1.0 0.0 720.0
23 -2.788 -5.052 3.0 1.0 0.0 720.0
24 -6.613 7.838 3.0 1.0 0.0 720.0
25 -7.933 -3.837 3.0 1.0 0.0 720.0
26 -3.532 -1.691 3.0 1.0 0.0 720.0
27 -0.128 2.213 3.0 1.0 0.0 720.0
28 6.833 2.006 3.0 1.0 650.0 665.0
29 1.871 0.716 3.0 1.0 621.0 636.0
30 -8.987 6.648 3.0 1.0 84.0 99.0
31 -0.274 -9.566 3.0 1.0 470.0 485.0
32 7.026 -1.745 3.0 1.0 146.0 161.0
33 5.36 -0.76 3.0 1.0 477.0 492.0
34 7.7 0.675 3.0 1.0 362.0 377.0
35 0.142 -0.0 3.0 1.0 438.0 453.0
36 -3.641 9.388 3.0 1.0 257.0 272.0
37 5.587 -7.612 3.0 1.0 138.0 153.0
38 -3.331 -4.592 3.0 1.0 234.0 249.0
39 2.797 9.358 3.0 1.0 15.0 30.0
40 -0.617 2.196 3.0 1.0 451.0 466.0
41 -9.155 2.275 3.0 1.0 260.0 275.0
42 8.443 8.762 3.0 1.0 514.0 529.0
43 4.094 7.489 3.0 1.0 493.0 508.0
44 -9.154 0.266 3.0 1.0 630.0 645.0
45 -4.731 4.995 3.0 1.0 178.0 193.0
46 7.684 -5.293 3.0 1.0 29.0 44.0
47 4.542 3.727 3.0 1.0 146.0 161.0
48 7.523 -5.275 3.0 1.0 574.0 589.0
49 3.755 9.437 3.0 1.0 259.0 274.0
50 2.947 4.033 3.0 1.0 104.0 119.0
51 7.639 4.302 3.0 1.0 263.0 278.0
52 2.521 -4.959 3.0 1.0 18.0 33.0
53 -2.051 6.066 3.0 1.0 636.0 651.0
54 -7.164 6.84 3.0 1.0 462.0 477.0
55 3.772 -4.935 3.0 1.0 265.0 280.0
56 7.877 4.083 3.0 1.0 262.0 277.0
57 -8.833 -6.83 3.0 -1.0 193.0 208.0
58 -3.94 6.05 3.0 -1.0 57.0 72.0
59 0.405 -6.499 3.0 -1.0 553.0 568.0
60 -4.963 -7.591 3.0 -1.0 652.0 667.0
61 3.35 9.398 3.0 -1.0 301.0 316.0
62 -8.009 -5.521 3.0 -1.0 152.0 167.0
63 8.451 -4.093 3.0 -1.0 430.0 445.0
64 0.725 5.671 3.0 -1.0 618.0 633.0
65 -2.347 -6.417 3.0 -1.0 548.0 563.0
66 -1.3 7.069 3.0 -1.0 312.0 327.0
67 -4.516 0.324 3.0 -1.0 167.0 182.0
68 0.817 -0.691 3.0 -1.0 475.0 490.0
69 -7.43 2.014 3.0 -1.0 206.0 221.0
70 5.527 -5.822 3.0 -1.0 702.0 717.0
71 -1.238 -6.47 3.0 -1.0 555.0 570.0
72 0.131 8.949 3.0 -1.0 287.0 302.0
73 6.228 -0.187 3.0 -1.0 500.0 515.0
74 -1.351 5.175 3.0 -1.0 212.0 227.0
75 -9.949 5.14 3.0 -1.0 655.0 670.0
76 9.332 -2.508 3.0 -1.0 599.0 614.0
77 8.882 -2.129 3.0 -1.0 231.0 246.0
78 8.544 3.758 3.0 -1.0 384.0 399.0
79 -2.192 -4.538 3.0 -1.0 331.0 346.0
80 -5.662 7.034 3.0 -1.0 356.0 371.0
81 -7.91 -3.423 3.0 -1.0 478.0 493.0
82 -4.716 -2.327 3.0 -1.0 622.0 637.0
83 -0.087 2.424 3.0 -1.0 378.0 393.0
84 8.589 1.899 3.0 -1.0 0.0 720.0
85 1.787 0.901 3.0 -1.0 0.0 720.0
86 -7.833 5.935 3.0 -1.0 0.0 720.0
87 -0.155 -9.295 3.0 -1.0 0.0 720.0
88 7.236 -1.919 3.0 -1.0 0.0 720.0
89 5.466 0.583 3.0 -1.0 0.0 720.0
90 8.752 0.233 3.0 -1.0 0.0 720.0
91 0.985 0.86 3.0 -1.0 0.0 720.0
92 -3.443 8.254 3.0 -1.0 0.0 720.0
93 5.619 -7.84 3.0 -1.0 0.0 720.0
94 -3.442 -4.759 3.0 -1.0 0.0 720.0
95 2.013 8.278 3.0 -1.0 0.0 720.0
96 -0.283 1.587 3.0 -1.0 0.0 720.0
97 -7.277 2.165 3.0 -1.0 0.0 720.0
98 7.276 8.792 3.0 -1.0 0.0 720.0
99 4.09 6.054 3.0 -1.0 0.0 720.0
100 -8.803 -0.022 3.0 -1.0 0.0 720.0
101 -5.168 4.555 3.0 -1.0 0.0 720.0
102 7.77 -5.792 3.0 -1.0 0.0 720.0
103 4.486 4.705 3.0 -1.0 0.0 720.0
104 8.121 -3.405 3.0 -1.0 0.0 720.0
105 3.929 9.24 3.0 -1.0 0.0 720.0
106 3.464 4.637 3.0 -1.0 0.0 720.0
107 7.872 4.243 3.0 -1.0 0.0 720.0
108 3.747 -5.376 3.0 -1.0 0.0 720.0
109 -0.963 7.635 3.0 -1.0 0.0 720.0
110 -5.96 7.534 3.0 -1.0 0.0 720.0
111 3.705 -5.165 3.0 -1.0 0.0 720.0
112 8.157 5.386 3.0 -1.0 0.0 720.0
113 0.0 0.0 0.0 0.0 0.0 720.0
114 0.0 0.0 0.0 0.0 0.0 720.0
115 0.0 0.0 0.0 0.0 0.0 720.0
116 0.0 0.0 0.0 0.0 0.0 720.0
117 0.0 0.0 0.0 0.0 0.0 720.0
118 0.0 0.0 0.0 0.0 0.0 720.0
119 0.0 0.0 0.0 0.0 0.0 720.0
120 0.0 0.0 0.0 0.0 0.0 720.0
121 0.0 0.0 0.0 0.0 0.0 720.0
122 0.0 0.0 0.0 0.0 0.0 720.0
123 0.0 0.0 0.0 0.0 0.0 720.0
124 0.0 0.0 0.0 0.0 0.0 720.0
125 0.0 0.0 0.0 0.0 0.0 720.0
126 0.0 0.0 0.0 0.0 0.0 720.0
127 0.0 0.0 0.0 0.0 0.0 720.0
128 -4.0 -4.0 0.0 0.0 0.0 720.0
129 4.0 4.0 0.0 0.0 0.0 720.0
113
120
113 114 115 116 117 118 119 
120 121 122 123 124 125 126 
127 128 129 
30.0 30.0 30.0 30.0 30.0 30.0 30.0 30.0 30.0 30.0 30.0 30.0 30.0 30.0 30.0 30.0 30.0 30.0 30.0 30.0 30.0 30.0 30.0 30.0 30.0 30.0 30.0 30.0 30.0 30.0 30.0 30.0 30.0 30.0 30.0 30.0 30.0 30.0 30.0 30.0 30.0 30.0 30.0 30.0 30.0 30.0 30.0 30.0 30.0 30.0 30.0 30.0 30.0 30.0 30.0 30.0 
3.0 3.0 3.0 3.0 3.0 3.0 3.0 
14.85 14.85 14.85 14.85 14.85 14.85 14.85 
14.85 14.85 14.85 14.85 14.85 14.85 14.85 
0.7 0.7 0.7 0.7 0.7 0.7 0.7 
0.055 0.055 0.055 
0.055
0.75 0.25
