7 70 1 1 3 1 720.0
1 -2.176 -7.153 3.0 1.0 0.0 720.0
2 -1.217 -5.692 3.0 1.0 0.0 720.0
3 2.955 3.067 3.0 1.0 0.0 720.0
4 -6.082 -1.985 3.0 1.0 0.0 720.0
5 -9.228 3.626 3.0 1.0 0.0 720.0
6 2.423 -7.207 3.0 1.0 0.0 720.0
7 -3.107 -3.378 3.0 1.0 0.0 720.0
8 -1.132 -6.688 3.0 1.0 0.0 720.0
9 3.555 0.852 3.0 1.0 0.0 720.0
10 -2.809 4.383 3.0 1.0 0.0 720.0
11 -2.847 0.735 3.0 1.0 0.0 720.0
12 -7.236 -6.149 3.0 1.0 0.0 720.0
13 -2.955 -3.131 3.0 1.0 0.0 720.0
14 4.845 -1.389 3.0 1.0 0.0 720.0
15 -0.54 1.165 3.0 1.0 0.0 720.0
16 -7.393 6.831 3.0 1.0 0.0 720.0
17 -5.399 1.866 3.0 1.0 0.0 720.0
18 8.844 1.527 3.0 1.0 0.0 720.0
19 -5.563 -1.529 3.0 1.0 0.0 720.0
20 -2.909 -4.775 3.0 1.0 0.0 720.0
21 -5.041 -1.095 3.0 1.0 0.0 720.0
22 -9.625 -4.887 3.0 1.0 0.0 720.0
23 7.097 -0.54 3.0 1.0 0.0 720.0
24 0.375 3.943 3.0 1.0 0.0 720.0
25 -1.545 -5.518 3.0 1.0 0.0 720.0
26 -2.181 -9.591 3.0 1.0 0.0 720.0
27 -6.388 9.785 3.0 1.0 0.0 720.0
28 -2.025 3.543 3.0 1.0 0.0 720.0
29 2.003 5.452 3.0 1.0 0.0 720.0
30 5.179 4.449 3.0 1.0 0.0 720.0
31 7.573 -6.787 3.0 1.0 0.0 720.0
32 -6.88 6.524 3.0 1.0 0.0 720.0
33 2.678 7.981 3.0 1.0 0.0 720.0
34 -4.685 2.454 3.0 1.0 0.0 720.0
35 -6.696 -7.303 3.0 1.0 543.0 558.0
36 6.417 0.079 3.0 1.0 158.0 173.0
37 8.05 3.342 3.0 1.0 264.0 279.0
38 5.483 -5.999 3.0 1.0 450.0 465.0
39 -2.117 0.62 3.0 1.0 199.0 214.0
40 2.455 3.17 3.0 1.0 549.0 564.0
41 0.424 7.432 3.0 1.0 446.0 461.0
42 -2.422 5.168 3.0 1.0 503.0 518.0
43 -4.113 -7.588 3.0 1.0 105.0 120.0
44 7.438 2.86 3.0 1.0 317.0 332.0
45 -3.435 -7.572 3.0 1.0 514.0 529.0
46 -4.424 -0.492 3.0 1.0 55.0 70.0
47 -5.827 7.446 3.0 1.0 627.0 642.0
48 -6.767 1.742 3.0 1.0 593.0 608.0
49 -9.151 -0.661 3.0 1.0 334.0 349.0
50 -3.494 -3.453 3.0 1.0 99.0 114.0
51 2.662 5.406 3.0 1.0 332.0 347.0
52 -8.395 -0.068 3.0 1.0 315.0 330.0
53 -8.784 -0.676 3.0 1.0 17.0 32.0
54 -8.285 6.836 3.0 1.0 552.0 567.0
55 -5.29 -0.823 3.0 1.0 52.0 67.0
56 -2.712 -5.452 3.0 1.0 91.0 106.0
57 -6.865 -3.996 3.0 1.0 490.0 505.0
58 -9.187 -1.063 3.0 1.0 511.0 526.0
59 -7.857 2.164 3.0 1.0 197.0 212.0
60 7.604 -5.473 3.0 1.0 650.0 665.0
61 1.851 7.98 3.0 1.0 59.0 74.0
62 -3.591 -6.11 3.0 1.0 525.0 540.0
63 6.995 -3.58 3.0 1.0 612.0 627.0
64 -9.086 8.452 3.0 1.0 75.0 90.0
65 4.107 -2.75 3.0 1.0 508.0 523.0
66 -4.353 -6.874 3.0 1.0 13.0 28.0
67 -6.72 -7.193 3.0 1.0 597.0 612.0
68 9.382 0.616 3.0 1.0 363.0 378.0
69 0.517 -0.383 3.0 1.0 601.0 616.0
70 -6.443 -7.359 3.0 1.0 141.0 156.0
71 -1.914 -5.373 3.0 -1.0 618.0 633.0
72 0.009 -4.274 3.0 -1.0 550.0 565.0
73 1.556 3.304 3.0 -1.0 155.0 170.0
74 -5.796 -0.435 3.0 -1.0 607.0 622.0
75 -9.239 3.864 3.0 -1.0 613.0 628.0
76 2.925 -7.437 3.0 -1.0 683.0 698.0
77 -3.765 -3.61 3.0 -1.0 442.0 457.0
78 -0.427 -5.443 3.0 -1.0 517.0 532.0
79 4.072 0.052 3.0 -1.0 645.0 660.0
80 -3.337 5.101 3.0 -1.0 51.0 66.0
81 -1.24 0.848 3.0 -1.0 659.0 674.0
82 -7.206 -6.131 3.0 -1.0 239.0 254.0
83 -2.982 -3.978 3.0 -1.0 464.0 479.0
84 4.708 -1.423 3.0 -1.0 256.0 271.0
85 -0.547 2.158 3.0 -1.0 194.0 209.0
86 -8.083 6.224 3.0 -1.0 508.0 523.0
87 -3.761 2.456 3.0 -1.0 344.0 359.0
88 8.846 1.282 3.0 -1.0 343.0 358.0
89 -6.437 -0.416 3.0 -1.0 530.0 545.0
90 -4.219 -3.561 3.0 -1.0 576.0 591.0
91 -5.881 -2.128 3.0 -1.0 494.0 509.0
92 -9.315 -4.622 3.0 -1.0 549.0 564.0
93 7.086 -0.482 3.0 -1.0 285.0 300.0
94 0.892 5.067 3.0 -1.0 227.0 242.0
95 -1.445 -5.725 3.0 -1.0 385.0 400.0
96 -2.344 -8.743 3.0 -1.0 287.0 302.0
97 -6.409 9.204 3.0 -1.0 225.0 240.0
98 -0.779 2.183 3.0 -1.0 454.0 469.0
99 1.856 5.513 3.0 -1.0 423.0 438.0
100 4.755 4.766 3.0 -1.0 527.0 542.0
101 7.558 -6.79 3.0 -1.0 445.0 460.0
102 -7.52 6.575 3.0 -1.0 553.0 568.0
103 1.163 8.223 3.0 -1.0 356.0 371.0
104 -3.351 3.588 3.0 -1.0 615.0 630.0
105 -6.716 -7.321 3.0 -1.0 0.0 720.0
106 5.825 1.685 3.0 -1.0 0.0 720.0
107 8.391 3.226 3.0 -1.0 0.0 720.0
108 4.527 -7.385 3.0 -1.0 0.0 720.0
109 -1.236 2.369 3.0 -1.0 0.0 720.0
110 4.002 2.169 3.0 -1.0 0.0 720.0
111 1.441 9.115 3.0 -1.0 0.0 720.0
112 -3.024 5.904 3.0 -1.0 0.0 720.0
113 -3.934 -7.52 3.0 -1.0 0.0 720.0
114 7.72 4.554 3.0 -1.0 0.0 720.0
115 -3.862 -6.256 3.0 -1.0 0.0 720.0
116 -4.904 0.005 3.0 -1.0 0.0 720.0
117 -5.924 8.271 3.0 -1.0 0.0 720.0
118 -6.909 1.257 3.0 -1.0 0.0 720.0
119 -9.321 -0.155 3.0 -1.0 0.0 720.0
120 -5.0 -3.427 3.0 -1.0 0.0 720.0
121 2.624 4.71 3.0 -1.0 0.0 720.0
122 -7.466 0.16 3.0 -1.0 0.0 720.0
123 -8.599 -1.687 3.0 -1.0 0.0 720.0
124 -8.332 6.502 3.0 -1.0 0.0 720.0
125 -4.572 0.736 3.0 -1.0 0.0 720.0
126 -3.829 -6.815 3.0 -1.0 0.0 720.0
127 -7.379 -4.672 3.0 -1.0 0.0 720.0
128 -9.857 -2.713 3.0 -1.0 0.0 720.0
129 -8.485 0.735 3.0 -1.0 0.0 720.0
130 8.492 -7.08 3.0 -1.0 0.0 720.0
131 2.135 7.967 3.0 -1.0 0.0 720.0
132 -3.566 -6.575 3.0 -1.0 0.0 720.0
133 6.639 -3.989 3.0 -1.0 0.0 720.0
134 -8.723 6.781 3.0 -1.0 0.0 720.0
135 5.086 -3.302 3.0 -1.0 0.0 720.0
136 -4.036 -5.078 3.0 -1.0 0.0 720.0
137 -8.255 -6.841 3.0 -1.0 0.0 720.0
138 9.954 2.122 3.0 -1.0 0.0 720.0
139 -0.366 -0.222 3.0 -1.0 0.0 720.0
140 -4.752 -8.191 3.0 -1.0 0.0 720.0
141 0.0 0.0 0.0 0.0 0.0 720.0
142 0.0 0.0 0.0 0.0 0.0 720.0
143 0.0 0.0 0.0 0.0 0.0 720.0
144 0.0 0.0 0.0 0.0 0.0 720.0
145 0.0 0.0 0.0 0.0 0.0 720.0
146 0.0 0.0 0.0 0.0 0.0 720.0
147 0.0 0.0 0.0 0.0 0.0 720.0
148 0.0 0.0 0.0 0.0 0.0 720.0
149 0.0 0.0 0.0 0.0 0.0 720.0
150 0.0 0.0 0.0 0.0 0.0 720.0
151 0.0 0.0 0.0 0.0 0.0 720.0
152 0.0 0.0 0.0 0.0 0.0 720.0
153 0.0 0.0 0.0 0.0 0.0 720.0
154 0.0 0.0 0.0 0.0 0.0 720.0
155 0.0 0.0 0.0 0.0 0.0 720.0
156 -4.0 -4.0 0.0 0.0 0.0 720.0
157 4.0 4.0 0.0 0.0 0.0 720.0
141
148
141 142 143 144 145 146 147 
148 149 150 151 152 153 154 
155 156 157 
30.0 30.0 30.0 30.0 30.0 30.0 30.0 30.0 30.0 30.0 30.0 30.0 30.0 30.0 30.0 30.0 30.0 30.0 30.0 30.0 30.0 30.0 30.0 30.0 30.0 30.0 30.0 30.0 30.0 30.0 30.0 30.0 30.0 30.0 30.0 30.0 30.0 30.0 30.0 30.0 30.0 30.0 30.0 30.0 30.0 30.0 30.0 30.0 30.0 30.0 30.0 30.0 30.0 30.0 30.0 30.0 30.0 30.0 30.0 30.0 30.0 30.0 30.0 30.0 30.0 30.0 30.0 30.0 30.0 30.0 
3.0 3.0 3.0 3.0 3.0 3.0 3.0 
14.85 14.85 14.85 14.85 14.85 14.85 14.85 
14.85 14.85 14.85 14.85 14.85 14.85 14.85 
0.7 0.7 0.7 0.7 0.7 0.7 0.7 
0.055 0.055 0.055 
0.055
0.75 0.25
