7 84 1 1 3 1 720.0
1 1.213 1.105 3.0 1.0 0.0 720.0
2 -2.335 9.95 3.0 1.0 0.0 720.0
3 7.568 8.91 3.0 1.0 0.0 720.0
4 3.323 3.931 3.0 1.0 0.0 720.0
5 -9.174 8.116 3.0 1.0 0.0 720.0
6 7.163 4.492 3.0 1.0 0.0 720.0
7 -6.887 8.59 3.0 1.0 0.0 720.0
8 7.396 7.371 3.0 1.0 0.0 720.0
9 1.15 5.369 3.0 1.0 0.0 720.0
10 -4.768 -0.633 3.0 1.0 0.0 720.0
11 -6.249 -4.715 3.0 1.0 0.0 720.0
12 0.897 6.163 3.0 1.0 0.0 720.0
13 -0.212 8.337 3.0 1.0 0.0 720.0
14 -0.942 9.218 3.0 1.0 0.0 720.0
15 -2.421 -8.595 3.0 1.0 0.0 720.0
16 0.622 4.374 3.0 1.0 0.0 720.0
17 -2.466 0.87 3.0 1.0 0.0 720.0
18 3.556 0.587 3.0 1.0 0.0 720.0
19 4.98 9.363 3.0 1.0 0.0 720.0
20 8.275 8.668 3.0 1.0 0.0 720.0
21 -5.097 -4.364 3.0 1.0 0.0 720.0
22 -3.932 7.993 3.0 1.0 0.0 720.0
23 9.479 3.854 3.0 1.0 0.0 720.0
24 -5.722 -0.56 3.0 1.0 0.0 720.0
25 -4.208 6.685 3.0 1.0 0.0 720.0
26 -0.711 -1.108 3.0 1.0 0.0 720.0
27 8.413 -8.088 3.0 1.0 0.0 720.0
28 2.026 2.418 3.0 1.0 0.0 720.0
29 -6.488 -8.068 3.0 1.0 0.0 720.0
30 8.085 5.466 3.0 1.0 0.0 720.0
31 3.992 0.777 3.0 1.0 0.0 720.0
32 5.431 6.407 3.0 1.0 0.0 720.0
33 -1.631 -4.483 3.0 1.0 0.0 720.0
34 -4.521 -2.696 3.0 1.0 0.0 720.0
35 1.221 -3.327 3.0 1.0 0.0 720.0
36 -2.02 1.159 3.0 1.0 0.0 720.0
37 -2.14 -7.532 3.0 1.0 0.0 720.0
38 -8.007 -1.285 3.0 1.0 0.0 720.0
39 -8.889 -4.018 3.0 1.0 0.0 720.0
40 4.348 -7.031 3.0 1.0 0.0 720.0
41 -7.487 9.85 3.0 1.0 0.0 720.0
42 -5.451 9.461 3.0 1.0 438.0 453.0
43 9.408 -7.277 3.0 1.0 74.0 89.0
44 4.139 2.469 3.0 1.0 127.0 142.0
45 0.123 -5.596 3.0 1.0 245.0 260.0
46 -6.525 2.923 3.0 1.0 187.0 202.0
47 -5.594 3.636 3.0 1.0 536.0 551.0
48 -2.57 -9.097 3.0 1.0 334.0 349.0
49 5.249 -2.502 3.0 1.0 391.0 406.0
50 9.625 -4.906 3.0 1.0 418.0 433.0
51 -5.854 0.133 3.0 1.0 628.0 643.0
52 -2.196 -8.595 3.0 1.0 40.0 55.0
53 6.412 -9.611 3.0 1.0 335.0 350.0
54 -2.17 7.397 3.0 1.0 479.0 494.0
55 5.589 2.205 3.0 1.0 290.0 305.0
56 -3.23 6.174 3.0 1.0 482.0 497.0
57 -1.421 3.026 3.0 1.0 259.0 274.0
58 -8.105 7.322 3.0 1.0 25.0 40.0
59 -6.96 -9.087 3.0 1.0 434.0 449.0
60 2.375 8.875 3.0 1.0 206.0 221.0
61 -6.349 -0.312 3.0 1.0 56.0 71.0
62 3.337 1.792 3.0 1.0 502.0 517.0
63 -5.261 -7.581 3.0 1.0 36.0 51.0
64 -4.239 0.816 3.0 1.0 161.0 176.0
65 -1.766 -2.516 3.0 1.0 14.0 29.0
66 -3.152 -7.23 3.0 1.0 181.0 196.0
67 7.657 8.202 3.0 1.0 56.0 71.0
68 -3.949 7.627 3.0 1.0 378.0 393.0
69 4.598 4.834 3.0 1.0 19.0 34.0
70 -1.789 0.075 3.0 1.0 643.0 658.0
71 0.469 8.781 3.0 1.0 328.0 343.0
72 5.05 -7.637 3.0 1.0 436.0 451.0
73 -2.509 -4.471 3.0 1.0 12.0 27.0
74 -6.509 5.64 3.0 1.0 187.0 202.0
75 5.83 4.129 3.0 1.0 586.0 601.0
76 -7.246 8.387 3.0 1.0 534.0 549.0
77 6.018 0.934 3.0 1.0 507.0 522.0
78 9.416 4.547 3.0 1.0 494.0 509.0
79 9.318 1.011 3.0 1.0 448.0 463.0
80 4.132 2.801 3.0 1.0 385.0 400.0
81 -4.968 5.815 3.0 1.0 467.0 482.0
82 7.3 -2.643 3.0 1.0 631.0 646.0
83 9.084 6.746 3.0 1.0 348.0 363.0
84 -4.739 -9.384 3.0 1.0 102.0 117.0
85 1.694 -5.013 3.0 -1.0 382.0 397.0
86 7.915 -8.204 3.0 -1.0 664.0 679.0
87 -1.63 3.021 3.0 -1.0 247.0 262.0
88 -2.273 6.357 3.0 -1.0 605.0 620.0
89 3.421 -3.781 3.0 -1.0 446.0 461.0
90 2.729 0.401 3.0 -1.0 674.0 689.0
91 4.361 -3.84 3.0 -1.0 320.0 335.0
92 -9.761 -7.756 3.0 -1.0 149.0 164.0
93 3.023 3.394 3.0 -1.0 119.0 134.0
94 2.744 5.17 3.0 -1.0 324.0 339.0
95 -4.471 9.976 3.0 -1.0 146.0 161.0
96 -8.647 8.079 3.0 -1.0 384.0 399.0
97 -2.92 8.195 3.0 -1.0 309.0 324.0
98 4.657 -6.767 3.0 -1.0 611.0 626.0
99 3.935 8.791 3.0 -1.0 210.0 225.0
100 -6.676 -6.845 3.0 -1.0 679.0 694.0
101 -1.137 -5.987 3.0 -1.0 113.0 128.0
102 -0.706 9.408 3.0 -1.0 332.0 347.0
103 7.749 1.86 3.0 -1.0 564.0 579.0
104 0.14 -0.196 3.0 -1.0 273.0 288.0
105 2.895 -3.202 3.0 -1.0 508.0 523.0
106 -3.329 5.458 3.0 -1.0 146.0 161.0
107 -6.519 7.2 3.0 -1.0 70.0 85.0
108 9.036 3.371 3.0 -1.0 443.0 458.0
109 -1.689 -7.891 3.0 -1.0 536.0 551.0
110 -6.818 7.317 3.0 -1.0 276.0 291.0
111 -6.825 3.934 3.0 -1.0 244.0 259.0
112 4.471 -2.415 3.0 -1.0 220.0 235.0
113 -7.241 -1.486 3.0 -1.0 132.0 147.0
114 1.978 4.39 3.0 -1.0 326.0 341.0
115 9.629 -2.116 3.0 -1.0 534.0 549.0
116 -3.101 -9.638 3.0 -1.0 418.0 433.0
117 4.041 1.927 3.0 -1.0 200.0 215.0
118 -7.565 2.446 3.0 -1.0 213.0 228.0
119 -9.611 9.308 3.0 -1.0 639.0 654.0
120 3.643 -9.357 3.0 -1.0 110.0 125.0
121 -4.254 8.25 3.0 -1.0 493.0 508.0
122 5.722 5.016 3.0 -1.0 55.0 70.0
123 -8.527 0.106 3.0 -1.0 46.0 61.0
124 9.92 -7.41 3.0 -1.0 354.0 369.0
125 -1.304 -8.097 3.0 -1.0 237.0 252.0
126 2.279 9.368 3.0 -1.0 0.0 720.0
127 -5.174 -1.907 3.0 -1.0 0.0 720.0
128 6.102 0.841 3.0 -1.0 0.0 720.0
129 -7.58 1.163 3.0 -1.0 0.0 720.0
130 -7.511 -7.333 3.0 -1.0 0.0 720.0
131 7.161 8.331 3.0 -1.0 0.0 720.0
132 0.283 -5.068 3.0 -1.0 0.0 720.0
133 0.48 -6.328 3.0 -1.0 0.0 720.0
134 -3.756 -3.161 3.0 -1.0 0.0 720.0
135 -1.411 2.386 3.0 -1.0 0.0 720.0
136 -8.927 8.402 3.0 -1.0 0.0 720.0
137 2.157 -7.928 3.0 -1.0 0.0 720.0
138 7.448 9.169 3.0 -1.0 0.0 720.0
139 5.792 -0.408 3.0 -1.0 0.0 720.0
140 3.137 6.866 3.0 -1.0 0.0 720.0
141 -6.319 -2.615 3.0 -1.0 0.0 720.0
142 7.661 2.489 3.0 -1.0 0.0 720.0
143 2.935 -5.98 3.0 -1.0 0.0 720.0
144 -6.15 -2.388 3.0 -1.0 0.0 720.0
145 4.063 -5.46 3.0 -1.0 0.0 720.0
146 -9.204 8.047 3.0 -1.0 0.0 720.0
147 0.122 8.19 3.0 -1.0 0.0 720.0
148 -3.509 -6.788 3.0 -1.0 0.0 720.0
149 6.489 0.822 3.0 -1.0 0.0 720.0
150 -7.033 1.576 3.0 -1.0 0.0 720.0
151 2.185 -0.843 3.0 -1.0 0.0 720.0
152 -1.671 -5.345 3.0 -1.0 0.0 720.0
153 6.647 0.965 3.0 -1.0 0.0 720.0
154 0.588 -2.051 3.0 -1.0 0.0 720.0
155 0.511 7.509 3.0 -1.0 0.0 720.0
156 -3.942 -8.614 3.0 -1.0 0.0 720.0
157 4.552 1.529 3.0 -1.0 0.0 720.0
158 3.575 -8.477 3.0 -1.0 0.0 720.0
159 -3.28 0.966 3.0 -1.0 0.0 720.0
160 3.371 4.501 3.0 -1.0 0.0 720.0
161 -9.392 1.949 3.0 -1.0 0.0 720.0
162 -2.206 -8.306 3.0 -1.0 0.0 720.0
163 0.149 9.358 3.0 -1.0 0.0 720.0
164 -6.161 1.449 3.0 -1.0 0.0 720.0
165 4.14 4.546 3.0 -1.0 0.0 720.0
166 0.055 -5.189 3.0 -1.0 0.0 720.0
167 -5.137 -6.188 3.0 -1.0 0.0 720.0
168 0.581 9.65 3.0 -1.0 0.0 720.0
169 0.0 0.0 0.0 0.0 0.0 720.0
170 0.0 0.0 0.0 0.0 0.0 720.0
171 0.0 0.0 0.0 0.0 0.0 720.0
172 0.0 0.0 0.0 0.0 0.0 720.0
173 0.0 0.0 0.0 0.0 0.0 720.0
174 0.0 0.0 0.0 0.0 0.0 720.0
175 0.0 0.0 0.0 0.0 0.0 720.0
176 0.0 0.0 0.0 0.0 0.0 720.0
177 0.0 0.0 0.0 0.0 0.0 720.0
178 0.0 0.0 0.0 0.0 0.0 720.0
179 0.0 0.0 0.0 0.0 0.0 720.0
180 0.0 0.0 0.0 0.0 0.0 720.0
181 0.0 0.0 0.0 0.0 0.0 720.0
182 0.0 0.0 0.0 0.0 0.0 720.0
183 0.0 0.0 0.0 0.0 0.0 720.0
184 -4.0 -4.0 0.0 0.0 0.0 720.0
185 4.0 4.0 0.0 0.0 0.0 720.0
169
176
169 170 171 172 173 174 175 
176 177 178 179 180 181 182 
183 184 185 
30.0 30.0 30.0 30.0 30.0 30.0 30.0 30.0 30.0 30.0 30.0 30.0 30.0 30.0 30.0 30.0 30.0 30.0 30.0 30.0 30.0 30.0 30.0 30.0 30.0 30.0 30.0 30.0 30.0 30.0 30.0 30.0 30.0 30.0 30.0 30.0 30.0 30.0 30.0 30.0 30.0 30.0 30.0 30.0 30.0 30.0 30.0 30.0 30.0 30.0 30.0 30.0 30.0 30.0 30.0 30.0 30.0 30.0 30.0 30.0 30.0 30.0 30.0 30.0 30.0 30.0 30.0 30.0 30.0 30.0 30.0 30.0 30.0 30.0 30.0 30.0 30.0 30.0 30.0 30.0 30.0 30.0 30.0 30.0 
3.0 3.0 3.0 3.0 3.0 3.0 3.0 
14.85 14.85 14.85 14.85 14.85 14.85 14.85 
14.85 14.85 14.85 14.85 14.85 14.85 14.85 
0.7 0.7 0.7 0.7 0.7 0.7 0.7 
0.055 0.055 0.055 
0.055
0.75 0.25
