8 64 1 1 3 1 720.0
1 -6.673 -1.154 3.0 1.0 0.0 720.0
2 -4.339 2.759 3.0 1.0 0.0 720.0
3 2.205 -0.419 3.0 1.0 0.0 720.0
4 0.037 -4.689 3.0 1.0 0.0 720.0
5 -7.77 -0.102 3.0 1.0 0.0 720.0
6 2.075 -3.038 3.0 1.0 0.0 720.0
7 -7.957 8.522 3.0 1.0 0.0 720.0
8 -6.017 9.732 3.0 1.0 0.0 720.0
9 -5.894 -0.714 3.0 1.0 0.0 720.0
10 4.878 4.512 3.0 1.0 0.0 720.0
11 4.829 3.139 3.0 1.0 0.0 720.0
12 -1.672 4.677 3.0 1.0 0.0 720.0
13 9.776 -2.921 3.0 1.0 0.0 720.0
14 -6.698 2.604 3.0 1.0 0.0 720.0
15 6.066 5.627 3.0 1.0 0.0 720.0
16 -5.084 -2.026 3.0 1.0 0.0 720.0
17 -8.652 0.179 3.0 1.0 0.0 720.0
18 1.181 4.056 3.0 1.0 0.0 720.0
19 3.813 -4.836 3.0 1.0 0.0 720.0
20 -5.738 -5.253 3.0 1.0 0.0 720.0
21 2.562 7.319 3.0 1.0 0.0 720.0
22 -8.941 -9.674 3.0 1.0 0.0 720.0
23 1.343 7.193 3.0 1.0 0.0 720.0
24 5.153 4.812 3.0 1.0 0.0 720.0
25 8.327 -6.911 3.0 1.0 0.0 720.0
26 9.129 -1.705 3.0 1.0 0.0 720.0
27 -8.792 5.527 3.0 1.0 0.0 720.0
28 3.119 -7.769 3.0 1.0 0.0 720.0
29 -5.158 -8.793 3.0 1.0 0.0 720.0
30 -7.166 -0.897 3.0 1.0 0.0 720.0
31 9.697 0.362 3.0 1.0 0.0 720.0
32 -9.781 -3.457 3.0 1.0 497.0 512.0
33 6.338 3.302 3.0 1.0 544.0 559.0
34 -2.958 -3.65 3.0 1.0 415.0 430.0
35 -1.568 5.054 3.0 1.0 440.0 455.0
36 -0.668 -1.942 3.0 1.0 285.0 300.0
37 -7.375 2.126 3.0 1.0 372.0 387.0
38 -2.419 1.616 3.0 1.0 620.0 635.0
39 8.741 8.597 3.0 1.0 610.0 625.0
40 -7.907 -1.505 3.0 1.0 623.0 638.0
41 -9.916 9.023 3.0 1.0 28.0 43.0
42 6.873 4.187 3.0 1.0 657.0 672.0
43 -1.703 2.955 3.0 1.0 219.0 234.0
44 -8.774 2.534 3.0 1.0 588.0 603.0
45 8.392 4.884 3.0 1.0 410.0 425.0
46 4.226 -1.764 3.0 1.0 645.0 660.0
47 -6.531 5.435 3.0 1.0 229.0 244.0
48 0.483 -5.801 3.0 1.0 347.0 362.0
49 8.611 -7.947 3.0 1.0 367.0 382.0
50 7.95 -8.623 3.0 1.0 188.0 203.0
51 -9.578 -0.38 3.0 1.0 639.0 654.0
52 7.883 -7.244 3.0 1.0 209.0 224.0
53 -0.418 -2.573 3.0 1.0 314.0 329.0
54 9.406 -4.499 3.0 1.0 303.0 318.0
55 -9.805 -2.848 3.0 1.0 60.0 75.0
56 8.376 -8.986 3.0 1.0 183.0 198.0
57 -1.841 6.683 3.0 1.0 135.0 150.0
58 8.853 -4.065 3.0 1.0 354.0 369.0
59 -8.348 -5.242 3.0 1.0 587.0 602.0
60 -1.67 7.29 3.0 1.0 246.0 261.0
61 -7.86 -1.772 3.0 1.0 337.0 352.0
62 -0.909 -6.692 3.0 1.0 593.0 608.0
63 -2.062 1.949 3.0 1.0 444.0 459.0
64 -6.336 8.461 3.0 1.0 15.0 30.0
65 8.352 1.285 3.0 -1.0 449.0 464.0
66 7.553 -3.801 3.0 -1.0 646.0 661.0
67 -0.952 4.517 3.0 -1.0 238.0 253.0
68 -3.218 -3.172 3.0 -1.0 331.0 346.0
69 6.359 2.291 3.0 -1.0 105.0 120.0
70 6.062 -1.643 3.0 -1.0 700.0 715.0
71 2.024 -0.416 3.0 -1.0 287.0 302.0
72 0.155 5.006 3.0 -1.0 79.0 94.0
73 -4.759 2.611 3.0 -1.0 551.0 566.0
74 2.498 7.596 3.0 -1.0 396.0 411.0
75 0.851 8.354 3.0 -1.0 154.0 169.0
76 -3.011 -8.321 3.0 -1.0 586.0 601.0
77 5.127 2.93 3.0 -1.0 197.0 212.0
78 -1.961 -9.45 3.0 -1.0 105.0 120.0
79 -0.057 -0.389 3.0 -1.0 425.0 440.0
80 1.103 -6.791 3.0 -1.0 578.0 593.0
81 8.849 9.28 3.0 -1.0 314.0 329.0
82 2.103 -1.945 3.0 -1.0 586.0 601.0
83 -7.772 -6.176 3.0 -1.0 47.0 62.0
84 -1.611 -9.009 3.0 -1.0 479.0 494.0
85 -5.201 -5.115 3.0 -1.0 442.0 457.0
86 -0.993 -3.224 3.0 -1.0 460.0 475.0
87 -2.427 9.565 3.0 -1.0 129.0 144.0
88 -8.893 7.749 3.0 -1.0 583.0 598.0
89 -1.283 -0.0 3.0 -1.0 341.0 356.0
90 4.013 5.193 3.0 -1.0 210.0 225.0
91 -3.078 6.261 3.0 -1.0 527.0 542.0
92 -7.319 -6.557 3.0 -1.0 509.0 524.0
93 6.083 -2.519 3.0 -1.0 237.0 252.0
94 -4.523 0.656 3.0 -1.0 373.0 388.0
95 2.658 3.033 3.0 -1.0 48.0 63.0
96 -1.748 -2.176 3.0 -1.0 0.0 720.0
97 -4.693 0.388 3.0 -1.0 0.0 720.0
98 -8.735 2.719 3.0 -1.0 0.0 720.0
99 -8.716 -0.26 3.0 -1.0 0.0 720.0
100 6.459 -2.031 3.0 -1.0 0.0 720.0
101 -9.226 2.197 3.0 -1.0 0.0 720.0
102 1.807 -0.931 3.0 -1.0 0.0 720.0
103 2.756 8.598 3.0 -1.0 0.0 720.0
104 -1.824 7.01 3.0 -1.0 0.0 720.0
105 -4.737 1.327 3.0 -1.0 0.0 720.0
106 5.25 9.316 3.0 -1.0 0.0 720.0
107 -9.217 -7.219 3.0 -1.0 0.0 720.0
108 -6.792 -9.392 3.0 -1.0 0.0 720.0
109 7.245 -8.899 3.0 -1.0 0.0 720.0
110 1.435 2.239 3.0 -1.0 0.0 720.0
111 7.246 1.809 3.0 -1.0 0.0 720.0
112 9.895 -7.795 3.0 -1.0 0.0 720.0
113 -8.678 0.594 3.0 -1.0 0.0 720.0
114 -3.376 8.61 3.0 -1.0 0.0 720.0
115 -2.182 4.29 3.0 -1.0 0.0 720.0
116 6.066 -7.984 3.0 -1.0 0.0 720.0
117 -6.773 1.142 3.0 -1.0 0.0 720.0
118 -8.346 -0.365 3.0 -1.0 0.0 720.0
119 4.618 -4.502 3.0 -1.0 0.0 720.0
120 -4.704 7.995 3.0 -1.0 0.0 720.0
121 8.768 -3.609 3.0 -1.0 0.0 720.0
122 0.717 7.27 3.0 -1.0 0.0 720.0
123 -3.64 -2.877 3.0 -1.0 0.0 720.0
124 5.167 0.818 3.0 -1.0 0.0 720.0
125 1.21 -1.515 3.0 -1.0 0.0 720.0
126 5.389 2.396 3.0 -1.0 0.0 720.0
127 -7.35 1.346 3.0 -1.0 0.0 720.0
128 -0.769 -2.408 3.0 -1.0 0.0 720.0
129 0.0 0.0 0.0 0.0 0.0 720.0
130 0.0 0.0 0.0 0.0 0.0 720.0
131 0.0 0.0 0.0 0.0 0.0 720.0
132 0.0 0.0 0.0 0.0 0.0 720.0
133 0.0 0.0 0.0 0.0 0.0 720.0
134 0.0 0.0 0.0 0.0 0.0 720.0
135 0.0 0.0 0.0 0.0 0.0 720.0
136 0.0 0.0 0.0 0.0 0.0 720.0
137 0.0 0.0 0.0 0.0 0.0 720.0
138 0.0 0.0 0.0 0.0 0.0 720.0
139 0.0 0.0 0.0 0.0 0.0 720.0
140 0.0 0.0 0.0 0.0 0.0 720.0
141 0.0 0.0 0.0 0.0 0.0 720.0
142 0.0 0.0 0.0 0.0 0.0 720.0
143 0.0 0.0 0.0 0.0 0.0 720.0
144 0.0 0.0 0.0 0.0 0.0 720.0
145 0.0 0.0 0.0 0.0 0.0 720.0
146 -4.0 -4.0 0.0 0.0 0.0 720.0
147 4.0 4.0 0.0 0.0 0.0 720.0
129
137
129 130 131 132 133 134 135 136 
137 138 139 140 141 142 143 144 
145 146 147 
30.0 30.0 30.0 30.0 30.0 30.0 30.0 30.0 30.0 30.0 30.0 30.0 30.0 30.0 30.0 30.0 30.0 30.0 30.0 30.0 30.0 30.0 30.0 30.0 30.0 30.0 30.0 30.0 30.0 30.0 30.0 30.0 30.0 30.0 30.0 30.0 30.0 30.0 30.0 30.0 30.0 30.0 30.0 30.0 30.0 30.0 30.0 30.0 30.0 30.0 30.0 30.0 30.0 30.0 30.0 30.0 30.0 30.0 30.0 30.0 30.0 30.0 30.0 30.0 
3.0 3.0 3.0 3.0 3.0 3.0 3.0 3.0 
14.85 14.85 14.85 14.85 14.85 14.85 14.85 14.85 
14.85 14.85 14.85 14.85 14.85 14.85 14.85 14.85 
0.7 0.7 0.7 0.7 0.7 0.7 0.7 0.7 
0.055 0.055 0.055 
0.055
0.75 0.25
