8 80 1 1 3 1 720.0
1 3.475 -7.823 3.0 1.0 0.0 720.0
2 -4.749 -2.072 3.0 1.0 0.0 720.0
3 7.858 -2.812 3.0 1.0 0.0 720.0
4 -6.471 -7.545 3.0 1.0 0.0 720.0
5 -0.062 -8.081 3.0 1.0 0.0 720.0
6 -3.516 -4.246 3.0 1.0 0.0 720.0
7 0.509 9.821 3.0 1.0 0.0 720.0
8 5.633 8.687 3.0 1.0 0.0 720.0
9 4.688 -7.352 3.0 1.0 0.0 720.0
10 -4.487 6.519 3.0 1.0 0.0 720.0
11 8.644 9.628 3.0 1.0 0.0 720.0
12 -4.955 -0.914 3.0 1.0 0.0 720.0
13 5.55 -3.347 3.0 1.0 0.0 720.0
14 -3.806 7.053 3.0 1.0 0.0 720.0
15 -6.652 1.886 3.0 1.0 0.0 720.0
16 -9.164 -7.417 3.0 1.0 0.0 720.0
17 -4.734 -6.919 3.0 1.0 0.0 720.0
18 1.495 -6.282 3.0 1.0 0.0 720.0
19 0.894 -0.171 3.0 1.0 0.0 720.0
20 -4.406 7.552 3.0 1.0 0.0 720.0
21 -3.474 5.785 3.0 1.0 0.0 720.0
22 -0.957 -7.167 3.0 1.0 0.0 720.0
23 3.536 -8.808 3.0 1.0 0.0 720.0
24 1.84 0.946 3.0 1.0 0.0 720.0
25 -2.344 -0.032 3.0 1.0 0.0 720.0
26 -5.89 2.358 3.0 1.0 0.0 720.0
27 -2.099 -5.927 3.0 1.0 0.0 720.0
28 3.462 2.586 3.0 1.0 0.0 720.0
29 2.113 -7.996 3.0 1.0 0.0 720.0
30 4.681 8.272 3.0 1.0 0.0 720.0
31 -8.304 4.845 3.0 1.0 0.0 720.0
32 -3.237 8.286 3.0 1.0 0.0 720.0
33 -0.038 3.717 3.0 1.0 0.0 720.0
34 2.725 -1.072 3.0 1.0 0.0 720.0
35 3.987 -6.368 3.0 1.0 0.0 720.0
36 2.701 3.026 3.0 1.0 0.0 720.0
37 2.031 7.236 3.0 1.0 0.0 720.0
38 0.205 2.985 3.0 1.0 0.0 720.0
39 -3.883 -2.197 3.0 1.0 0.0 720.0
40 9.885 3.224 3.0 1.0 454.0 469.0
41 -6.811 -2.092 3.0 1.0 358.0 373.0
42 -0.816 -9.205 3.0 1.0 267.0 282.0
43 4.448 -0.656 3.0 1.0 378.0 393.0
44 -2.753 -5.235 3.0 1.0 479.0 494.0
45 -5.86 -4.522 3.0 1.0 614.0 629.0
46 -6.0 -7.945 3.0 1.0 615.0 630.0
47 -9.075 -3.815 3.0 1.0 278.0 293.0
48 9.512 8.262 3.0 1.0 255.0 270.0
49 2.24 -2.117 3.0 1.0 110.0 125.0
50 -3.468 -5.951 3.0 1.0 69.0 84.0
51 1.992 9.317 3.0 1.0 461.0 476.0
52 -8.787 6.476 3.0 1.0 124.0 139.0
53 -7.006 -2.218 3.0 1.0 463.0 478.0
54 -7.207 -5.375 3.0 1.0 506.0 521.0
55 -2.524 -4.835 3.0 1.0 139.0 154.0
56 -8.551 9.63 3.0 1.0 0.0 15.0
57 3.178 6.73 3.0 1.0 191.0 206.0
58 6.161 8.819 3.0 1.0 327.0 342.0
59 2.179 4.932 3.0 1.0 488.0 503.0
60 -0.8 8.177 3.0 1.0 618.0 633.0
61 6.389 -0.807 3.0 1.0 461.0 476.0
62 -4.047 -0.479 3.0 1.0 541.0 556.0
63 -8.921 -8.308 3.0 1.0 544.0 559.0
64 6.685 -3.584 3.0 1.0 254.0 269.0
65 0.53 -8.114 3.0 1.0 476.0 491.0
66 1.631 6.93 3.0 1.0 279.0 294.0
67 7.898 -2.106 3.0 1.0 328.0 343.0
68 -0.622 3.406 3.0 1.0 557.0 572.0
69 -2.706 -9.308 3.0 1.0 630.0 645.0
70 7.438 -2.481 3.0 1.0 166.0 181.0
71 -9.624 1.047 3.0 1.0 338.0 353.0
72 7.941 3.265 3.0 1.0 187.0 202.0
73 6.21 1.58 3.0 1.0 234.0 249.0
74 8.756 -6.102 3.0 1.0 130.0 145.0
75 5.626 -8.293 3.0 1.0 424.0 439.0
76 -6.07 3.072 3.0 1.0 24.0 39.0
77 -3.431 7.034 3.0 1.0 82.0 97.0
78 4.747 -8.715 3.0 1.0 203.0 218.0
79 -5.44 0.801 3.0 1.0 475.0 490.0
80 0.103 1.083 3.0 1.0 470.0 485.0
81 2.496 -7.318 3.0 -1.0 411.0 426.0
82 -4.271 -0.616 3.0 -1.0 334.0 349.0
83 7.322 -2.588 3.0 -1.0 116.0 131.0
84 -5.944 -6.906 3.0 -1.0 257.0 272.0
85 0.195 -9.318 3.0 -1.0 317.0 332.0
86 -3.561 -4.149 3.0 -1.0 522.0 537.0
87 2.001 8.969 3.0 -1.0 201.0 216.0
88 5.66 8.872 3.0 -1.0 359.0 374.0
89 3.88 -8.582 3.0 -1.0 604.0 619.0
90 -3.324 6.408 3.0 -1.0 475.0 490.0
91 8.345 8.532 3.0 -1.0 629.0 644.0
92 -6.447 0.037 3.0 -1.0 345.0 360.0
93 4.897 -3.095 3.0 -1.0 190.0 205.0
94 -3.867 5.568 3.0 -1.0 492.0 507.0
95 -6.558 2.521 3.0 -1.0 532.0 547.0
96 -8.693 -7.815 3.0 -1.0 256.0 271.0
97 -4.192 -8.023 3.0 -1.0 333.0 348.0
98 3.102 -7.39 3.0 -1.0 616.0 631.0
99 -0.078 1.238 3.0 -1.0 680.0 695.0
100 -4.598 7.032 3.0 -1.0 124.0 139.0
101 -3.614 5.959 3.0 -1.0 529.0 544.0
102 0.883 -7.611 3.0 -1.0 347.0 362.0
103 3.65 -8.149 3.0 -1.0 342.0 357.0
104 2.447 0.621 3.0 -1.0 250.0 265.0
105 -2.89 1.002 3.0 -1.0 578.0 593.0
106 -5.365 4.224 3.0 -1.0 626.0 641.0
107 -0.988 -5.55 3.0 -1.0 512.0 527.0
108 2.513 2.553 3.0 -1.0 96.0 111.0
109 0.346 -8.589 3.0 -1.0 267.0 282.0
110 6.357 8.24 3.0 -1.0 363.0 378.0
111 -8.502 4.655 3.0 -1.0 445.0 460.0
112 -2.782 8.967 3.0 -1.0 409.0 424.0
113 0.725 4.535 3.0 -1.0 99.0 114.0
114 2.472 -0.02 3.0 -1.0 262.0 277.0
115 5.431 -6.714 3.0 -1.0 414.0 429.0
116 2.639 2.941 3.0 -1.0 319.0 334.0
117 2.092 7.539 3.0 -1.0 194.0 209.0
118 1.325 1.686 3.0 -1.0 173.0 188.0
119 -4.138 -2.275 3.0 -1.0 323.0 338.0
120 9.75 2.364 3.0 -1.0 0.0 720.0
121 -7.263 -2.104 3.0 -1.0 0.0 720.0
122 -0.827 -8.885 3.0 -1.0 0.0 720.0
123 4.65 0.38 3.0 -1.0 0.0 720.0
124 -3.421 -4.309 3.0 -1.0 0.0 720.0
125 -5.899 -5.547 3.0 -1.0 0.0 720.0
126 -5.646 -8.645 3.0 -1.0 0.0 720.0
127 -9.425 -2.494 3.0 -1.0 0.0 720.0
128 9.309 8.089 3.0 -1.0 0.0 720.0
129 1.321 -0.412 3.0 -1.0 0.0 720.0
130 -4.262 -5.499 3.0 -1.0 0.0 720.0
131 0.978 8.289 3.0 -1.0 0.0 720.0
132 -7.31 7.357 3.0 -1.0 0.0 720.0
133 -7.062 -0.737 3.0 -1.0 0.0 720.0
134 -7.219 -5.743 3.0 -1.0 0.0 720.0
135 -1.192 -5.981 3.0 -1.0 0.0 720.0
136 -8.511 9.8 3.0 -1.0 0.0 720.0
137 3.386 6.49 3.0 -1.0 0.0 720.0
138 5.18 8.456 3.0 -1.0 0.0 720.0
139 0.314 5.538 3.0 -1.0 0.0 720.0
140 0.942 8.144 3.0 -1.0 0.0 720.0
141 7.73 -1.37 3.0 -1.0 0.0 720.0
142 -5.928 -0.715 3.0 -1.0 0.0 720.0
143 -8.775 -8.772 3.0 -1.0 0.0 720.0
144 6.612 -4.382 3.0 -1.0 0.0 720.0
145 0.879 -8.075 3.0 -1.0 0.0 720.0
146 1.633 7.749 3.0 -1.0 0.0 720.0
147 8.121 -2.141 3.0 -1.0 0.0 720.0
148 -0.872 4.325 3.0 -1.0 0.0 720.0
149 -3.248 -9.054 3.0 -1.0 0.0 720.0
150 5.947 -2.135 3.0 -1.0 0.0 720.0
151 -8.588 1.845 3.0 -1.0 0.0 720.0
152 6.38 4.047 3.0 -1.0 0.0 720.0
153 5.472 2.272 3.0 -1.0 0.0 720.0
154 8.134 -6.398 3.0 -1.0 0.0 720.0
155 5.131 -6.418 3.0 -1.0 0.0 720.0
156 -5.472 4.32 3.0 -1.0 0.0 720.0
157 -3.553 6.589 3.0 -1.0 0.0 720.0
158 5.277 -8.475 3.0 -1.0 0.0 720.0
159 -6.841 1.184 3.0 -1.0 0.0 720.0
160 -1.41 0.961 3.0 -1.0 0.0 720.0
161 0.0 0.0 0.0 0.0 0.0 720.0
162 0.0 0.0 0.0 0.0 0.0 720.0
163 0.0 0.0 0.0 0.0 0.0 720.0
164 0.0 0.0 0.0 0.0 0.0 720.0
165 0.0 0.0 0.0 0.0 0.0 720.0
166 0.0 0.0 0.0 0.0 0.0 720.0
167 0.0 0.0 0.0 0.0 0.0 720.0
168 0.0 0.0 0.0 0.0 0.0 720.0
169 0.0 0.0 0.0 0.0 0.0 720.0
170 0.0 0.0 0.0 0.0 0.0 720.0
171 0.0 0.0 0.0 0.0 0.0 720.0
172 0.0 0.0 0.0 0.0 0.0 720.0
173 0.0 0.0 0.0 0.0 0.0 720.0
174 0.0 0.0 0.0 0.0 0.0 720.0
175 0.0 0.0 0.0 0.0 0.0 720.0
176 0.0 0.0 0.0 0.0 0.0 720.0
177 0.0 0.0 0.0 0.0 0.0 720.0
178 -4.0 -4.0 0.0 0.0 0.0 720.0
179 4.0 4.0 0.0 0.0 0.0 720.0
161
169
161 162 163 164 165 166 167 168 
169 170 171 172 173 174 175 176 
177 178 179 
30.0 30.0 30.0 30.0 30.0 30.0 30.0 30.0 30.0 30.0 30.0 30.0 30.0 30.0 30.0 30.0 30.0 30.0 30.0 30.0 30.0 30.0 30.0 30.0 30.0 30.0 30.0 30.0 30.0 30.0 30.0 30.0 30.0 30.0 30.0 30.0 30.0 30.0 30.0 30.0 30.0 30.0 30.0 30.0 30.0 30.0 30.0 30.0 30.0 30.0 30.0 30.0 30.0 30.0 30.0 30.0 30.0 30.0 30.0 30.0 30.0 30.0 30.0 30.0 30.0 30.0 30.0 30.0 30.0 30.0 30.0 30.0 30.0 30.0 30.0 30.0 30.0 30.0 30.0 30.0 
3.0 3.0 3.0 3.0 3.0 3.0 3.0 3.0 
14.85 14.85 14.85 14.85 14.85 14.85 14.85 14.85 
14.85 14.85 14.85 14.85 14.85 14.85 14.85 14.85 
0.7 0.7 0.7 0.7 0.7 0.7 0.7 0.7 
0.055 0.055 0.055 
0.055
0.75 0.25
