8 96 1 1 3 1 720.0
1 -1.32 -6.046 3.0 1.0 0.0 720.0
2 -8.787 -0.112 3.0 1.0 0.0 720.0
3 -4.986 1.76 3.0 1.0 0.0 720.0
4 8.055 -5.158 3.0 1.0 0.0 720.0
5 3.028 2.858 3.0 1.0 0.0 720.0
6 -3.212 2.478 3.0 1.0 0.0 720.0
7 0.005 -3.603 3.0 1.0 0.0 720.0
8 -3.458 4.619 3.0 1.0 0.0 720.0
9 9.782 -8.405 3.0 1.0 0.0 720.0
10 -2.272 -1.534 3.0 1.0 0.0 720.0
11 -9.26 -3.062 3.0 1.0 0.0 720.0
12 6.203 -6.82 3.0 1.0 0.0 720.0
13 -8.375 -1.379 3.0 1.0 0.0 720.0
14 -0.86 7.213 3.0 1.0 0.0 720.0
15 -8.696 -0.405 3.0 1.0 0.0 720.0
16 7.016 3.69 3.0 1.0 0.0 720.0
17 7.284 5.393 3.0 1.0 0.0 720.0
18 4.205 1.089 3.0 1.0 0.0 720.0
19 -2.235 1.632 3.0 1.0 0.0 720.0
20 -7.894 4.544 3.0 1.0 0.0 720.0
21 -1.581 -0.768 3.0 1.0 0.0 720.0
22 -3.688 -3.639 3.0 1.0 0.0 720.0
23 -7.737 -2.141 3.0 1.0 0.0 720.0
24 -2.612 -3.409 3.0 1.0 0.0 720.0
25 -0.048 -2.93 3.0 1.0 0.0 720.0
26 -4.029 8.847 3.0 1.0 0.0 720.0
27 5.288 -8.899 3.0 1.0 0.0 720.0
28 5.281 -0.921 3.0 1.0 0.0 720.0
29 -4.697 1.516 3.0 1.0 0.0 720.0
30 -7.539 -3.697 3.0 1.0 0.0 720.0
31 -3.703 0.959 3.0 1.0 0.0 720.0
32 -8.263 4.394 3.0 1.0 0.0 720.0
33 6.955 -1.034 3.0 1.0 0.0 720.0
34 2.005 3.788 3.0 1.0 0.0 720.0
35 -6.373 -7.373 3.0 1.0 0.0 720.0
36 -2.343 3.249 3.0 1.0 0.0 720.0
37 -0.864 -8.521 3.0 1.0 0.0 720.0
38 -6.449 -1.21 3.0 1.0 0.0 720.0
39 4.628 0.428 3.0 1.0 0.0 720.0
40 -0.269 3.727 3.0 1.0 0.0 720.0
41 9.505 8.069 3.0 1.0 0.0 720.0
42 5.322 -9.016 3.0 1.0 0.0 720.0
43 9.935 -9.26 3.0 1.0 0.0 720.0
44 -7.187 -1.127 3.0 1.0 0.0 720.0
45 9.17 -0.144 3.0 1.0 0.0 720.0
46 7.0 3.607 3.0 1.0 0.0 720.0
47 -8.803 6.111 3.0 1.0 0.0 720.0
48 -5.694 5.393 3.0 1.0 362.0 377.0
49 8.387 -8.335 3.0 1.0 44.0 59.0
50 -7.998 -9.081 3.0 1.0 361.0 376.0
51 -9.847 -7.251 3.0 1.0 33.0 48.0
52 -3.247 7.35 3.0 1.0 212.0 227.0
53 3.387 5.591 3.0 1.0 178.0 193.0
54 9.304 7.401 3.0 1.0 645.0 660.0
55 -8.118 5.305 3.0 1.0 356.0 371.0
56 -1.435 7.062 3.0 1.0 315.0 330.0
57 -8.906 6.904 3.0 1.0 513.0 528.0
58 7.149 6.923 3.0 1.0 389.0 404.0
59 -8.693 5.515 3.0 1.0 289.0 304.0
60 -5.951 7.731 3.0 1.0 50.0 65.0
61 9.375 -0.984 3.0 1.0 419.0 434.0
62 -5.615 -4.65 3.0 1.0 407.0 422.0
63 8.241 -1.723 3.0 1.0 222.0 237.0
64 1.79 5.213 3.0 1.0 217.0 232.0
65 8.964 -7.365 3.0 1.0 110.0 125.0
66 -8.839 -1.842 3.0 1.0 67.0 82.0
67 1.152 4.229 3.0 1.0 62.0 77.0
68 6.085 0.956 3.0 1.0 378.0 393.0
69 -7.47 -8.557 3.0 1.0 524.0 539.0
70 -6.935 9.595 3.0 1.0 58.0 73.0
71 5.32 2.361 3.0 1.0 27.0 42.0
72 3.254 -3.051 3.0 1.0 299.0 314.0
73 4.78 6.837 3.0 1.0 46.0 61.0
74 4.307 3.792 3.0 1.0 229.0 244.0
75 -0.603 3.443 3.0 1.0 167.0 182.0
76 1.171 6.346 3.0 1.0 230.0 245.0
77 3.145 -3.415 3.0 1.0 314.0 329.0
78 7.972 3.198 3.0 1.0 86.0 101.0
79 -8.616 -8.864 3.0 1.0 464.0 479.0
80 -2.514 6.868 3.0 1.0 335.0 350.0
81 2.945 -4.551 3.0 1.0 39.0 54.0
82 1.304 8.972 3.0 1.0 134.0 149.0
83 4.946 8.599 3.0 1.0 196.0 211.0
84 -5.659 8.014 3.0 1.0 155.0 170.0
85 7.848 -0.358 3.0 1.0 326.0 341.0
86 -5.085 7.441 3.0 1.0 602.0 617.0
87 -5.005 -2.003 3.0 1.0 37.0 52.0
88 5.734 8.965 3.0 1.0 219.0 234.0
89 -0.128 4.056 3.0 1.0 479.0 494.0
90 1.38 -6.866 3.0 1.0 299.0 314.0
91 -0.799 -1.877 3.0 1.0 542.0 557.0
92 6.131 -7.535 3.0 1.0 57.0 72.0
93 -9.382 7.172 3.0 1.0 231.0 246.0
94 5.185 8.894 3.0 1.0 650.0 665.0
95 8.205 -6.151 3.0 1.0 57.0 72.0
96 -6.048 -7.92 3.0 1.0 426.0 441.0
97 3.221 -3.33 3.0 -1.0 75.0 90.0
98 -8.218 7.164 3.0 -1.0 295.0 310.0
99 -0.911 4.077 3.0 -1.0 426.0 441.0
100 4.318 1.423 3.0 -1.0 431.0 446.0
101 -6.349 6.44 3.0 -1.0 385.0 400.0
102 -6.639 0.612 3.0 -1.0 60.0 75.0
103 -1.492 1.771 3.0 -1.0 449.0 464.0
104 8.657 9.767 3.0 -1.0 216.0 231.0
105 -4.458 -1.238 3.0 -1.0 170.0 185.0
106 9.125 -5.563 3.0 -1.0 553.0 568.0
107 7.966 2.245 3.0 -1.0 520.0 535.0
108 8.685 9.907 3.0 -1.0 419.0 434.0
109 -6.628 -2.719 3.0 -1.0 529.0 544.0
110 8.839 1.977 3.0 -1.0 232.0 247.0
111 -9.78 -2.413 3.0 -1.0 172.0 187.0
112 3.022 -3.446 3.0 -1.0 618.0 633.0
113 2.68 -3.966 3.0 -1.0 109.0 124.0
114 0.219 7.952 3.0 -1.0 525.0 540.0
115 -9.858 9.148 3.0 -1.0 232.0 247.0
116 2.939 2.363 3.0 -1.0 180.0 195.0
117 -6.365 6.897 3.0 -1.0 148.0 163.0
118 -8.174 -4.197 3.0 -1.0 565.0 580.0
119 1.059 4.717 3.0 -1.0 312.0 327.0
120 -5.622 2.722 3.0 -1.0 400.0 415.0
121 4.79 8.649 3.0 -1.0 324.0 339.0
122 -1.504 0.201 3.0 -1.0 356.0 371.0
123 -5.315 -2.449 3.0 -1.0 559.0 574.0
124 6.108 0.326 3.0 -1.0 538.0 553.0
125 1.276 -8.374 3.0 -1.0 306.0 321.0
126 -6.956 -7.603 3.0 -1.0 362.0 377.0
127 -8.686 8.89 3.0 -1.0 663.0 678.0
128 -1.01 9.326 3.0 -1.0 418.0 433.0
129 4.628 -1.443 3.0 -1.0 146.0 161.0
130 -3.01 7.12 3.0 -1.0 571.0 586.0
131 9.583 4.965 3.0 -1.0 117.0 132.0
132 5.933 2.818 3.0 -1.0 615.0 630.0
133 1.586 7.836 3.0 -1.0 62.0 77.0
134 -3.791 -1.665 3.0 -1.0 561.0 576.0
135 -7.107 8.294 3.0 -1.0 106.0 121.0
136 -6.324 -4.077 3.0 -1.0 240.0 255.0
137 1.311 -1.895 3.0 -1.0 116.0 131.0
138 6.352 6.265 3.0 -1.0 135.0 150.0
139 2.49 -1.902 3.0 -1.0 162.0 177.0
140 -3.341 0.608 3.0 -1.0 544.0 559.0
141 1.882 -6.597 3.0 -1.0 560.0 575.0
142 6.826 -6.963 3.0 -1.0 260.0 275.0
143 -5.605 2.689 3.0 -1.0 128.0 143.0
144 7.928 2.325 3.0 -1.0 0.0 720.0
145 -1.258 9.63 3.0 -1.0 0.0 720.0
146 7.97 -9.839 3.0 -1.0 0.0 720.0
147 9.91 9.908 3.0 -1.0 0.0 720.0
148 4.28 -8.845 3.0 -1.0 0.0 720.0
149 1.709 -7.313 3.0 -1.0 0.0 720.0
150 9.266 -2.703 3.0 -1.0 0.0 720.0
151 -3.432 9.128 3.0 -1.0 0.0 720.0
152 5.445 -5.591 3.0 -1.0 0.0 720.0
153 -2.364 6.935 3.0 -1.0 0.0 720.0
154 7.11 1.093 3.0 -1.0 0.0 720.0
155 8.939 1.574 3.0 -1.0 0.0 720.0
156 3.106 -1.941 3.0 -1.0 0.0 720.0
157 -8.59 1.315 3.0 -1.0 0.0 720.0
158 -5.452 8.655 3.0 -1.0 0.0 720.0
159 -0.345 -8.096 3.0 -1.0 0.0 720.0
160 6.368 -1.499 3.0 -1.0 0.0 720.0
161 -6.975 -1.95 3.0 -1.0 0.0 720.0
162 0.066 2.228 3.0 -1.0 0.0 720.0
163 5.598 6.813 3.0 -1.0 0.0 720.0
164 0.832 -6.449 3.0 -1.0 0.0 720.0
165 3.665 3.985 3.0 -1.0 0.0 720.0
166 8.438 -1.933 3.0 -1.0 0.0 720.0
167 -0.919 7.643 3.0 -1.0 0.0 720.0
168 6.617 -4.471 3.0 -1.0 0.0 720.0
169 -8.676 8.895 3.0 -1.0 0.0 720.0
170 8.588 -7.879 3.0 -1.0 0.0 720.0
171 7.113 8.22 3.0 -1.0 0.0 720.0
172 3.386 -7.402 3.0 -1.0 0.0 720.0
173 9.154 -9.881 3.0 -1.0 0.0 720.0
174 9.717 -1.236 3.0 -1.0 0.0 720.0
175 -9.442 7.056 3.0 -1.0 0.0 720.0
176 -0.182 -6.137 3.0 -1.0 0.0 720.0
177 4.658 -1.935 3.0 -1.0 0.0 720.0
178 9.291 -2.221 3.0 -1.0 0.0 720.0
179 -5.977 -3.052 3.0 -1.0 0.0 720.0
180 -1.296 1.927 3.0 -1.0 0.0 720.0
181 -8.336 0.649 3.0 -1.0 0.0 720.0
182 4.389 3.354 3.0 -1.0 0.0 720.0
183 -2.056 -2.596 3.0 -1.0 0.0 720.0
184 6.141 1.792 3.0 -1.0 0.0 720.0
185 -4.915 3.242 3.0 -1.0 0.0 720.0
186 8.283 6.024 3.0 -1.0 0.0 720.0
187 -5.011 0.627 3.0 -1.0 0.0 720.0
188 -3.514 1.212 3.0 -1.0 0.0 720.0
189 4.538 1.537 3.0 -1.0 0.0 720.0
190 -7.017 -6.545 3.0 -1.0 0.0 720.0
191 -2.646 0.605 3.0 -1.0 0.0 720.0
192 -0.282 -6.556 3.0 -1.0 0.0 720.0
193 0.0 0.0 0.0 0.0 0.0 720.0
194 0.0 0.0 0.0 0.0 0.0 720.0
195 0.0 0.0 0.0 0.0 0.0 720.0
196 0.0 0.0 0.0 0.0 0.0 720.0
197 0.0 0.0 0.0 0.0 0.0 720.0
198 0.0 0.0 0.0 0.0 0.0 720.0
199 0.0 0.0 0.0 0.0 0.0 720.0
200 0.0 0.0 0.0 0.0 0.0 720.0
201 0.0 0.0 0.0 0.0 0.0 720.0
202 0.0 0.0 0.0 0.0 0.0 720.0
203 0.0 0.0 0.0 0.0 0.0 720.0
204 0.0 0.0 0.0 0.0 0.0 720.0
205 0.0 0.0 0.0 0.0 0.0 720.0
206 0.0 0.0 0.0 0.0 0.0 720.0
207 0.0 0.0 0.0 0.0 0.0 720.0
208 0.0 0.0 0.0 0.0 0.0 720.0
209 0.0 0.0 0.0 0.0 0.0 720.0
210 -4.0 -4.0 0.0 0.0 0.0 720.0
211 4.0 4.0 0.0 0.0 0.0 720.0
193
201
193 194 195 196 197 198 199 200 
201 202 203 204 205 206 207 208 
209 210 211 
30.0 30.0 30.0 30.0 30.0 30.0 30.0 30.0 30.0 30.0 30.0 30.0 30.0 30.0 30.0 30.0 30.0 30.0 30.0 30.0 30.0 30.0 30.0 30.0 30.0 30.0 30.0 30.0 30.0 30.0 30.0 30.0 30.0 30.0 30.0 30.0 30.0 30.0 30.0 30.0 30.0 30.0 30.0 30.0 30.0 30.0 30.0 30.0 30.0 30.0 30.0 30.0 30.0 30.0 30.0 30.0 30.0 30.0 30.0 30.0 30.0 30.0 30.0 30.0 30.0 30.0 30.0 30.0 30.0 30.0 30.0 30.0 30.0 30.0 30.0 30.0 30.0 30.0 30.0 30.0 30.0 30.0 30.0 30.0 30.0 30.0 30.0 30.0 30.0 30.0 30.0 30.0 30.0 30.0 30.0 30.0 
3.0 3.0 3.0 3.0 3.0 3.0 3.0 3.0 
14.85 14.85 14.85 14.85 14.85 14.85 14.85 14.85 
14.85 14.85 14.85 14.85 14.85 14.85 14.85 14.85 
0.7 0.7 0.7 0.7 0.7 0.7 0.7 0.7 
0.055 0.055 0.055 
0.055
0.75 0.25
