7203, 7383, 
7204, 1931, 5531, 3478, 7078, 1065, 3028, 4665, 6628, 7565, 666, 4266, 898, 3006, 4498, 6606, 2831, 6431, 864, 513, 4464, 1490, 4113, 5090, 2861, 1524, 6461, 5124, 773, 4373, 875, 4475, 3442, 1694, 7042, 5294, 749, 4349, 1726, 5326, 7563, 7384, 
7205, 2285, 5885, 7564, 1572, 2928, 6528, 2912, 5172, 2799, 6399, 115, 6512, 1620, 2272, 3715, 5220, 5872, 654, 4254, 1636, 5236, 7564, 2927, 3551, 6527, 336, 7151, 3936, 287, 3887, 3030, 6630, 1553, 5153, 2460, 3432, 7032, 6060, 2679, 3412, 6279, 7012, 7565, 2585, 6185, 7564, 2656, 6256, 2891, 6491, 3222, 137, 3737, 6822, 1862, 1950, 5462, 5550, 390, 3331, 3990, 6931, 2683, 515, 4115, 6283, 1843, 5443, 2223, 5823, 7564, 1434, 5034, 635, 988, 4235, 4588, 7563, 7385, 
7206, 2997, 6597, 1002, 4602, 1900, 2716, 5500, 2884, 6316, 6484, 7564, 2396, 5996, 1210, 3307, 6907, 4810, 7565, 2014, 5614, 3165, 6765, 431, 609, 4031, 2049, 203, 3803, 4209, 5649, 1497, 5097, 3367, 6967, 7563, 7386, 
7207, 3146, 719, 4319, 6746, 2246, 2931, 5846, 6531, 1734, 5334, 2616, 2594, 6216, 1085, 631, 6194, 4685, 1390, 4231, 4990, 3009, 6609, 1661, 5261, 2360, 2584, 5960, 2015, 6184, 5615, 1036, 1820, 5420, 4636, 197, 1993, 1655, 3797, 5255, 5593, 3473, 7073, 56, 3656, 7564, 2774, 2140, 5740, 6374, 1713, 891, 5313, 4491, 426, 423, 4026, 759, 4023, 4359, 1277, 4877, 1176, 3293, 4776, 6893, 860, 4460, 7563, 7387, 
7208, 662, 4262, 476, 4076, 328, 3928, 3392, 6992, 1133, 74, 4733, 3674, 2466, 6066, 1722, 5322, 1342, 4942, 292, 3892, 7563, 1378, 4978, 700, 4300, 283, 3883, 2209, 142, 5809, 1346, 3742, 576, 4176, 4946, 869, 33, 4469, 3633, 555, 4155, 7564, 1763, 5363, 63, 3663, 7563, 7388, 
7209, 2899, 6499, 2983, 6583, 257, 3857, 1478, 2678, 6278, 5078, 3233, 1646, 6833, 5246, 7563, 7389, 
7210, 2625, 6225, 1574, 5174, 2497, 2007, 6097, 5607, 1214, 4814, 1198, 4798, 7563, 3048, 6648, 527, 4127, 7565, 26, 3626, 3570, 7170, 7564, 2567, 198, 6167, 3798, 578, 889, 4178, 4489, 1817, 2173, 5417, 5773, 1457, 5057, 743, 4343, 2920, 3379, 6520, 6979, 7563, 7390, 
7211, 3464, 7064, 2671, 2519, 6119, 6271, 3529, 7129, 2441, 6041, 7563, 2004, 5604, 2372, 5972, 840, 1166, 4440, 4766, 839, 4439, 3343, 811, 1704, 6943, 4411, 5304, 951, 2546, 4551, 6146, 2602, 1712, 5312, 6202, 1489, 1458, 5089, 5058, 3599, 269, 7199, 3869, 1684, 5284, 685, 4285, 2211, 411, 5811, 4011, 7563, 7391, 
7212, 7565, 3010, 3596, 7196, 6610, 3159, 6759, 1994, 2681, 5594, 6281, 3553, 7153, 25, 3625, 857, 4457, 2117, 5717, 2385, 427, 5985, 4027, 2397, 5997, 2495, 6095, 511, 4111, 1409, 918, 4518, 5009, 7563, 7392, 
7213, 7393, 
7214, 7394, 
7215, 7395, 
7216, 2096, 3110, 5696, 1263, 6710, 4863, 214, 3814, 128, 96, 3728, 3696, 7396, 
7217, 1826, 5426, 418, 4018, 7565, 2873, 971, 6473, 4571, 1486, 1765, 5365, 5086, 393, 3993, 1910, 661, 5510, 4261, 7563, 7397, 
7218, 1852, 5452, 216, 3816, 2066, 205, 5666, 3805, 1276, 4876, 2052, 5652, 1440, 1562, 5162, 589, 5040, 4189, 227, 2798, 3827, 6398, 594, 3370, 6970, 4194, 708, 4308, 54, 3654, 3395, 3512, 7112, 6995, 2190, 5790, 632, 4232, 7563, 2533, 6133, 605, 4205, 1658, 5258, 7565, 3579, 2291, 7179, 754, 5891, 4354, 2294, 5894, 7563, 569, 4169, 3414, 7014, 3287, 6887, 2113, 5713, 1364, 4964, 2362, 5962, 2292, 5892, 7563, 7398, 
7219, 1149, 4749, 2261, 5861, 2162, 1559, 5159, 5762, 1619, 5219, 1981, 5581, 2978, 3314, 6914, 6578, 7565, 907, 4507, 2838, 6438, 3226, 6826, 1554, 408, 5154, 4008, 460, 4060, 1448, 5048, 2908, 6508, 1766, 5366, 3130, 6730, 999, 4599, 1171, 3008, 4771, 6608, 313, 3913, 2725, 1153, 6325, 4753, 653, 4253, 7564, 3078, 6678, 1578, 5178, 2895, 2869, 6495, 6469, 846, 4446, 7563, 7399, 
7220, 125, 3725, 2312, 1977, 5912, 2354, 5577, 5954, 424, 4024, 1869, 713, 5469, 4313, 3581, 3402, 625, 7181, 4225, 7002, 2284, 5884, 3192, 6792, 306, 3443, 7043, 3906, 1216, 4816, 2047, 2167, 5647, 5767, 324, 1841, 1556, 5441, 3924, 5156, 7565, 3384, 2220, 6984, 5820, 7563, 7400, 
7221, 7401, 
7222, 600, 4200, 1410, 5010, 2522, 6122, 2686, 6286, 1240, 4840, 1911, 483, 5511, 4083, 7, 3607, 865, 4465, 86, 3686, 1202, 4802, 7563, 7402, 
7223, 2482, 6082, 1594, 5194, 2828, 6428, 302, 3902, 1246, 2350, 4846, 5950, 801, 620, 4401, 4220, 7563, 7403, 
7224, 2867, 6467, 1877, 5477, 3430, 2446, 7030, 6046, 2259, 2591, 6191, 5859, 2473, 40, 3640, 6073, 1180, 2592, 6192, 4780, 295, 2226, 5826, 3895, 188, 3788, 3410, 884, 7010, 4484, 890, 4490, 1501, 5101, 510, 381, 4110, 3981, 485, 2626, 6226, 4085, 815, 842, 1953, 4415, 4442, 5553, 7563, 7404, 
7225, 925, 4525, 3134, 6734, 249, 3849, 1351, 4951, 2929, 6529, 1725, 5325, 1804, 2131, 5404, 5731, 3420, 1823, 7020, 5423, 1334, 4934, 2287, 5887, 1423, 5023, 3240, 6840, 7564, 3259, 6859, 761, 2444, 6044, 4361, 7563, 7405, 
7226, 1245, 4845, 2463, 6063, 1671, 5271, 1132, 4732, 1164, 4764, 3600, 2524, 7200, 6124, 829, 1380, 4429, 4980, 1386, 1945, 5545, 4986, 168, 3768, 1785, 2655, 5385, 6255, 7565, 1041, 4641, 2413, 6013, 2926, 6526, 3155, 6755, 2005, 5605, 7563, 7406, 
7227, 1986, 5586, 3386, 6986, 3503, 7103, 2494, 6094, 7565, 1460, 5060, 3371, 36, 6971, 2368, 3636, 581, 4181, 5968, 1847, 1125, 5447, 4725, 4, 3604, 1181, 4781, 805, 4405, 7563, 7407, 
7228, 2512, 6112, 959, 206, 4559, 3806, 1221, 4821, 7563, 2476, 6076, 3560, 7160, 375, 1328, 3975, 4928, 2214, 5814, 1381, 4981, 1748, 5348, 1213, 2589, 4813, 6189, 3057, 6657, 3026, 79, 6626, 3321, 3679, 6921, 1167, 766, 4767, 4366, 939, 4539, 7563, 983, 4583, 823, 4423, 293, 707, 3893, 4307, 2087, 2165, 5765, 5687, 1809, 5409, 7564, 2276, 5876, 1435, 1064, 5035, 4664, 1728, 2708, 5328, 2258, 6308, 3589, 5858, 1280, 4880, 7189, 7563, 7408, 
7229, 1017, 4617, 3496, 1375, 7096, 4975, 1080, 4680, 3034, 1512, 6634, 5112, 199, 3799, 738, 4338, 7564, 2076, 5676, 1141, 1779, 5379, 4741, 7409, 
7230, 3143, 3201, 6743, 52, 1656, 6801, 2632, 3652, 5256, 6232, 7563, 2475, 3027, 6627, 1488, 6075, 5088, 2848, 3490, 6448, 3015, 7090, 6615, 1223, 710, 4310, 1244, 4823, 4844, 896, 885, 4496, 2673, 4485, 1737, 5337, 6273, 10, 3610, 1461, 5061, 2174, 5774, 440, 1519, 4040, 5119, 2210, 5810, 1156, 4756, 410, 2266, 4010, 5866, 3533, 7133, 7564, 2805, 1558, 6405, 808, 5158, 4408, 114, 3714, 2714, 6314, 2029, 2203, 5629, 5803, 7564, 2846, 6446, 2995, 6595, 2709, 3098, 6698, 6309, 2094, 5694, 7563, 7410, 
7231, 1887, 5487, 1741, 5341, 11, 837, 4437, 3359, 3611, 6959, 2612, 2821, 3281, 6212, 6421, 6881, 394, 3994, 1114, 4714, 1003, 4603, 7563, 1577, 5177, 2739, 2803, 6339, 6403, 1564, 5164, 2, 3602, 924, 4524, 7564, 883, 4483, 727, 4327, 1740, 5340, 2807, 1095, 6407, 4695, 1982, 5582, 2947, 6547, 7565, 599, 2008, 5608, 4199, 1867, 2077, 5467, 5677, 1040, 4640, 1331, 4931, 22, 3622, 7564, 2937, 6537, 974, 4574, 2313, 5913, 7563, 7411, 
7232, 3403, 7003, 2880, 6480, 372, 3972, 558, 1482, 4158, 5082, 1700, 1285, 5300, 4885, 637, 4237, 3584, 7184, 1638, 592, 5238, 4192, 1024, 4624, 81, 3681, 2245, 5845, 371, 2657, 3971, 6257, 1917, 5517, 7565, 3389, 2345, 6989, 5945, 3506, 2306, 7106, 5906, 874, 3202, 4474, 6802, 1086, 4686, 7563, 7412, 
7233, 3056, 6656, 169, 3242, 3769, 6842, 1186, 4786, 2483, 6083, 3505, 7105, 3346, 6946, 1096, 4696, 785, 4385, 7563, 933, 2244, 4533, 5844, 2042, 5642, 2850, 859, 618, 6450, 4459, 4218, 952, 4552, 288, 3888, 1134, 4734, 7563, 7413, 
7234, 204, 956, 1845, 3804, 4556, 5445, 2054, 3337, 5654, 6937, 47, 3647, 1886, 1337, 3256, 6856, 5486, 4937, 1563, 2930, 6530, 5163, 362, 3962, 3089, 1120, 2329, 5929, 6689, 4720, 7564, 3524, 7124, 2956, 2224, 6556, 62, 5824, 3662, 3536, 7136, 2696, 6296, 2732, 28, 6332, 3628, 2217, 5817, 2864, 6464, 7565, 1291, 2330, 5930, 4891, 1980, 5580, 2844, 6444, 2826, 6426, 3195, 6795, 2153, 5753, 1232, 4832, 7563, 136, 3736, 3300, 6900, 2437, 6037, 7563, 7414, 
7235, 2373, 5973, 2327, 5927, 2677, 6277, 1187, 4787, 1840, 1182, 4782, 5440, 1445, 705, 5045, 4305, 790, 4390, 3383, 2690, 29, 6983, 6290, 3629, 31, 2734, 3631, 6334, 1755, 5355, 3472, 1296, 4896, 7072, 3206, 6806, 2137, 5737, 7565, 1033, 4633, 80, 3186, 3680, 3492, 6786, 7092, 2862, 6462, 7563, 7415, 
7236, 2760, 2149, 6360, 5749, 3193, 1441, 1968, 6793, 5568, 5041, 917, 4517, 2872, 3597, 6472, 7197, 2056, 1472, 5656, 192, 5072, 3792, 3139, 736, 6739, 3198, 4336, 6798, 1144, 1615, 4744, 5215, 2242, 2531, 5842, 6131, 1657, 5257, 7563, 7416, 
7237, 401, 4001, 617, 4217, 2635, 6235, 3132, 1532, 6732, 5132, 1421, 5021, 2445, 6045, 1676, 5276, 1831, 5431, 1398, 4998, 67, 1961, 3667, 5561, 1142, 4742, 1430, 5030, 7563, 7417, 
7238, 2418, 6018, 1918, 5518, 2440, 3179, 6040, 6779, 531, 4131, 554, 2984, 4154, 6584, 2050, 5650, 3577, 2415, 7177, 6015, 2422, 6022, 1481, 5081, 7565, 2218, 409, 5818, 4009, 23, 3623, 848, 2199, 4448, 5799, 1503, 1396, 4996, 5103, 7563, 7418, 
7239, 3285, 1230, 6885, 4830, 1443, 5043, 311, 1573, 3911, 1516, 5116, 5173, 325, 448, 4048, 3925, 745, 4345, 913, 863, 2277, 4513, 5877, 4463, 1683, 1523, 5123, 5283, 7564, 35, 648, 4248, 3635, 38, 3129, 3638, 787, 6729, 610, 4210, 4387, 492, 1832, 3288, 4092, 5432, 6888, 2250, 987, 5850, 1995, 1173, 4587, 4773, 5595, 791, 4391, 7563, 7419, 
7240, 2885, 6485, 2970, 2099, 6570, 5699, 1908, 5508, 2304, 5904, 585, 4185, 7565, 955, 4555, 3345, 1647, 5247, 6945, 1463, 5063, 7563, 7420, 
7241, 2248, 5848, 1964, 69, 5564, 3669, 763, 4363, 143, 819, 4419, 3743, 7421, 
7242, 7422, 
7243, 2699, 6299, 1467, 2859, 5067, 6459, 2231, 2761, 5831, 6361, 1669, 5269, 7565, 2967, 6567, 2347, 5947, 50, 3650, 3423, 2295, 7023, 5895, 614, 4214, 3474, 2322, 5922, 7074, 780, 4380, 1160, 1756, 4760, 5356, 7565, 1387, 4987, 1753, 5353, 3562, 1667, 7162, 5267, 235, 3835, 7565, 2490, 2026, 2737, 6090, 5626, 6337, 2061, 5661, 7565, 3409, 1303, 4903, 7009, 7563, 3141, 6741, 3150, 3463, 2491, 6750, 7063, 6091, 1084, 4684, 2712, 6312, 7563, 7423, 
7244, 2879, 3196, 6479, 6796, 213, 3813, 1665, 5265, 7565, 3054, 6654, 2428, 1483, 5083, 6028, 7424, 
7245, 2955, 1320, 6555, 4920, 1825, 5425, 2609, 6209, 1219, 4819, 7565, 3172, 6772, 2965, 6565, 2776, 2980, 6580, 6376, 7565, 2156, 5756, 560, 945, 4545, 4160, 239, 3839, 195, 3795, 3489, 7089, 320, 3920, 528, 1201, 4128, 4801, 872, 4472, 261, 626, 3861, 4226, 2343, 5943, 3085, 6685, 897, 4497, 3426, 1782, 5382, 7026, 7563, 2569, 2661, 6261, 6169, 1469, 193, 437, 3793, 5069, 369, 4037, 3969, 3324, 1948, 6924, 1234, 5548, 4834, 7563, 7425, 
7246, 3515, 7115, 2409, 6009, 1628, 5228, 182, 818, 4418, 3782, 3462, 366, 7062, 3966, 7563, 2557, 2265, 6157, 3021, 5865, 6621, 524, 383, 4124, 3983, 7426, 
7247, 3221, 6821, 982, 2617, 4582, 6217, 6, 3606, 2751, 804, 4404, 6351, 496, 4096, 1157, 2832, 4757, 6432, 3025, 463, 6625, 4063, 3037, 497, 6637, 4097, 327, 3927, 7565, 3494, 7094, 7563, 7427, 
7248, 2378, 5978, 1760, 5360, 1004, 4604, 3205, 6805, 387, 3987, 2868, 6468, 2213, 5813, 7428, 
7249, 2349, 5949, 2434, 1420, 6034, 2089, 5689, 5020, 1081, 3449, 4681, 1509, 7049, 5109, 3520, 7120, 3277, 6877, 1502, 3236, 5102, 6836, 1708, 5308, 1999, 5599, 2043, 1520, 5643, 5120, 855, 4455, 2423, 6023, 1772, 1308, 756, 5372, 4356, 4908, 938, 4538, 3415, 7015, 7564, 2579, 6179, 7563, 7429, 
7250, 3559, 2566, 2574, 7159, 6174, 6166, 2114, 5714, 553, 4153, 8, 3608, 810, 4410, 2576, 2723, 6176, 6323, 2950, 1586, 6550, 5186, 332, 879, 4479, 3074, 3932, 6674, 922, 191, 340, 4522, 3940, 3791, 691, 4291, 973, 4573, 1376, 4976, 1767, 5367, 2600, 6200, 417, 4017, 7563, 3369, 6969, 1113, 4713, 2514, 6114, 794, 3368, 6968, 4394, 1165, 4765, 7430, 
7251, 1405, 5005, 3558, 3336, 7158, 6936, 1990, 5590, 1012, 4612, 2092, 5692, 2039, 5639, 1067, 4667, 1764, 1078, 4678, 5364, 1954, 5554, 3537, 7137, 1314, 4914, 2107, 2532, 6132, 3451, 5707, 151, 7051, 3751, 1188, 2101, 1395, 4788, 4995, 5701, 1899, 5499, 7565, 1729, 2713, 6313, 5329, 2711, 6311, 7563, 7431, 
7252, 1099, 4699, 2881, 6481, 7565, 2271, 856, 5871, 488, 4088, 4456, 2786, 6386, 729, 3326, 4329, 1857, 3058, 6926, 5457, 368, 6658, 3968, 7563, 7432, 
7253, 1699, 2431, 5299, 6031, 3069, 1404, 6669, 5004, 969, 1104, 833, 4569, 4704, 4433, 2876, 3393, 6993, 6476, 1603, 5203, 1865, 5465, 1439, 2383, 3040, 6640, 5039, 5983, 68, 3668, 564, 4164, 419, 4019, 784, 4384, 7563, 1640, 5240, 7565, 979, 2614, 1126, 4579, 6214, 4726, 7563, 7433, 
7254, 406, 4006, 2744, 6344, 623, 4223, 2697, 6297, 2994, 3325, 6925, 6594, 3510, 1374, 4974, 7110, 1419, 5019, 2785, 285, 6385, 3885, 3019, 472, 6619, 4072, 7565, 847, 1016, 4447, 4616, 2888, 2680, 6488, 6280, 1135, 4735, 76, 3676, 2922, 6522, 1538, 5138, 7563, 262, 3862, 7564, 2185, 5785, 3194, 1372, 6794, 4972, 2792, 6392, 1743, 641, 5343, 4241, 7564, 2728, 2827, 6328, 6427, 1485, 5085, 1707, 5307, 7564, 1983, 2443, 5583, 6043, 2593, 6193, 7563, 7434, 
7255, 2079, 5679, 65, 2889, 3665, 6489, 7564, 1528, 1720, 5320, 5128, 2168, 5768, 990, 1370, 3534, 4590, 7134, 4970, 1828, 5428, 3044, 2127, 2863, 6644, 5727, 6463, 566, 3084, 4166, 6684, 530, 1799, 5399, 4130, 289, 3889, 709, 4309, 3184, 6784, 2257, 5857, 2366, 5966, 7563, 1588, 5188, 3268, 6868, 2631, 6231, 7564, 490, 1696, 3209, 5296, 6809, 4090, 828, 4428, 7563, 7435, 
7256, 7436, 
7257, 7437, 
7258, 2806, 72, 6406, 3672, 2442, 6042, 3327, 6927, 499, 2106, 5706, 4099, 337, 3937, 7565, 2317, 5917, 1206, 4806, 1505, 3118, 5105, 2759, 6718, 6359, 1678, 5278, 7438, 
7259, 259, 3859, 681, 1907, 4281, 3434, 5507, 7034, 1368, 4968, 3239, 6839, 580, 4180, 7563, 7439, 
7260, 7440, 
7261, 2892, 6492, 2300, 5900, 2093, 2237, 5693, 5837, 615, 4215, 3117, 1039, 6717, 4639, 420, 481, 4020, 4081, 7564, 1813, 2044, 5413, 590, 2474, 5644, 6074, 4190, 1236, 4836, 537, 4137, 1889, 507, 5489, 4107, 242, 3842, 905, 4505, 2311, 3249, 5911, 6849, 130, 3730, 7563, 7441, 
7262, 3012, 6612, 3119, 6719, 2621, 6221, 975, 4575, 24, 3372, 3624, 3502, 6972, 2816, 7102, 3469, 6416, 7069, 2622, 6222, 647, 4247, 2454, 6054, 2124, 573, 246, 4173, 5724, 3846, 2613, 6213, 7564, 2433, 6033, 1122, 1250, 742, 4722, 4342, 4850, 2279, 5879, 3587, 7187, 1898, 764, 5498, 4364, 266, 3866, 667, 1034, 4634, 4267, 3269, 1332, 6869, 4932, 1723, 5323, 7563, 7442, 
7263, 1286, 843, 4443, 4886, 1616, 5216, 180, 3780, 3047, 6647, 7565, 2078, 5678, 3199, 1464, 6799, 5064, 2623, 6223, 99, 1759, 3699, 5359, 7563, 7443, 
7264, 3042, 2961, 6561, 6642, 512, 4112, 7563, 2393, 2392, 5993, 5992, 593, 1089, 4193, 4689, 1354, 2486, 2562, 6162, 6086, 4954, 39, 3639, 827, 2989, 4427, 6589, 526, 4126, 7565, 2189, 1838, 5789, 786, 5438, 4386, 2865, 3468, 6465, 2037, 7068, 5637, 509, 4109, 3208, 6808, 1049, 4649, 2855, 6455, 3509, 7109, 3338, 6938, 2735, 1128, 6335, 4728, 2355, 5955, 1261, 1118, 4861, 4718, 7564, 2822, 6422, 3311, 6911, 7564, 1073, 4673, 7565, 2718, 6318, 2262, 5862, 7563, 7444, 
7265, 187, 3787, 2270, 5870, 1348, 4948, 1893, 5493, 2031, 5631, 1425, 1654, 5025, 5254, 1053, 3166, 4653, 6766, 7563, 7445, 
7266, 7446, 
7267, 2036, 5636, 1470, 2529, 5070, 6129, 2796, 2067, 5667, 6396, 2856, 2504, 6104, 6456, 2962, 6562, 2191, 3111, 6711, 5791, 1548, 2139, 5148, 698, 5739, 4298, 376, 675, 3976, 4275, 932, 135, 3735, 4532, 7563, 7447, 
7268, 1874, 5474, 997, 953, 4597, 4553, 166, 1811, 3766, 5411, 2369, 2797, 5969, 6397, 303, 3903, 532, 298, 4132, 3898, 232, 501, 185, 3832, 3785, 4101, 1637, 5237, 650, 1634, 4250, 5234, 1706, 5306, 1702, 5302, 1540, 5140, 679, 4279, 2992, 6592, 1816, 5416, 7563, 2286, 5886, 2669, 233, 3833, 6269, 2648, 6248, 7563, 1361, 3508, 4961, 7108, 1235, 4835, 7564, 3306, 6906, 438, 4038, 2779, 1672, 6379, 664, 5272, 4264, 1710, 5310, 7448, 
7269, 2170, 2598, 6198, 5770, 1569, 5169, 2921, 6521, 673, 4273, 984, 4584, 2414, 529, 6014, 4129, 2839, 6439, 177, 881, 3777, 1343, 4943, 4481, 2425, 6025, 7564, 2125, 1745, 5345, 5725, 1365, 1000, 4965, 4600, 557, 4157, 916, 4516, 1922, 2986, 248, 5522, 6586, 3848, 732, 1575, 4332, 5175, 2871, 6471, 1362, 4962, 2293, 5893, 546, 270, 622, 4146, 4222, 3870, 1960, 2746, 5560, 6346, 7564, 2940, 2549, 6540, 6149, 2620, 6220, 1643, 5243, 7563, 7449, 
7270, 1635, 5235, 1338, 4938, 1382, 4982, 1109, 4709, 2424, 6024, 230, 723, 3830, 147, 3747, 2126, 4323, 5726, 694, 153, 4294, 3753, 221, 3821, 3501, 7101, 7563, 7450, 
7271, 994, 78, 3678, 4594, 3247, 2783, 6847, 6383, 986, 2160, 5760, 4586, 1038, 4638, 355, 3955, 1926, 660, 5526, 4260, 2541, 2188, 5788, 6141, 7563, 1955, 5555, 2990, 1777, 6590, 5377, 2551, 3382, 6982, 6151, 588, 1373, 4973, 4188, 347, 2341, 1251, 3947, 5941, 4851, 7563, 7451, 
7272, 3583, 7183, 1265, 3595, 7195, 4865, 1353, 4953, 2352, 5952, 2222, 1344, 4944, 5822, 3460, 7060, 1531, 2858, 665, 4265, 5131, 6458, 3090, 6690, 3174, 914, 6774, 4514, 1975, 3127, 6727, 5575, 7563, 2041, 5641, 1476, 2722, 453, 5076, 6322, 4053, 445, 579, 4045, 4179, 1066, 4666, 746, 4346, 2570, 782, 6170, 4382, 7563, 1063, 4663, 2419, 32, 6019, 3632, 7564, 3475, 7075, 1504, 464, 5104, 3294, 4064, 3390, 2770, 6894, 6990, 6370, 3168, 3113, 6768, 6713, 2571, 6171, 7563, 1431, 5031, 651, 4251, 7563, 7452, 
7273, 1735, 5335, 2123, 5723, 1011, 961, 4611, 4561, 521, 4121, 126, 3726, 370, 3970, 1595, 1068, 5195, 4668, 3200, 6800, 7563, 7453, 
7274, 2985, 6585, 1659, 2907, 6507, 5259, 236, 1270, 4870, 3836, 1746, 5346, 3173, 6773, 2515, 3586, 7186, 6115, 7563, 7454, 
7275, 2607, 2090, 6207, 5690, 1651, 2342, 5251, 30, 5942, 3630, 3470, 2717, 2575, 7070, 6317, 6175, 596, 4196, 1414, 5014, 7563, 2745, 6345, 473, 2371, 858, 4073, 5971, 4458, 3223, 202, 6823, 3802, 2707, 6307, 2302, 1498, 5098, 5902, 7565, 2339, 5939, 7565, 3217, 6817, 7565, 2239, 326, 3926, 5839, 1971, 5571, 7563, 2642, 6242, 2447, 2766, 6047, 6366, 947, 3099, 4547, 6699, 2561, 6161, 2477, 6077, 714, 919, 4314, 4519, 2646, 6246, 3465, 2178, 7065, 5778, 7563, 7455, 
7276, 1861, 5461, 1195, 4795, 991, 4591, 1552, 5152, 3092, 3282, 6882, 6692, 1754, 1147, 5354, 4747, 1204, 1288, 4888, 4804, 789, 4389, 1830, 2391, 5430, 5991, 2335, 1438, 348, 5935, 5038, 3948, 1148, 4748, 122, 3722, 1591, 5191, 7563, 747, 4347, 1854, 43, 5454, 3643, 965, 2405, 4565, 2136, 6005, 5736, 2586, 6186, 7565, 73, 2316, 5916, 3673, 934, 4534, 1891, 3531, 5491, 7131, 7563, 7456, 
7277, 2894, 3290, 6494, 551, 6890, 124, 4151, 3112, 1305, 3724, 6712, 4905, 3066, 6666, 3526, 7126, 2860, 98, 6460, 3698, 1449, 2000, 5049, 5600, 7565, 3070, 6670, 1858, 186, 3786, 2890, 5458, 6490, 2918, 6518, 450, 4050, 2829, 6429, 7565, 1611, 5211, 769, 2080, 5680, 4369, 1648, 5248, 7564, 2548, 6148, 7564, 2925, 2206, 6525, 5806, 7565, 2289, 2645, 5889, 6245, 7564, 3568, 7168, 386, 1793, 3986, 1360, 4960, 5393, 536, 2336, 4136, 5936, 7563, 7457, 
7278, 2560, 6160, 1827, 3444, 7044, 3032, 5427, 755, 6632, 4355, 55, 144, 3655, 3744, 1496, 5096, 7563, 3350, 6950, 3148, 91, 6748, 318, 3691, 3918, 7565, 1942, 5542, 1859, 2801, 6401, 494, 5459, 4094, 1121, 1703, 4721, 5303, 3284, 778, 4378, 6884, 2670, 6270, 487, 1377, 4977, 4087, 1951, 5551, 2688, 6288, 1264, 817, 4864, 4417, 210, 3810, 3255, 3301, 117, 6901, 6855, 3717, 1175, 4775, 3429, 7029, 2448, 803, 4403, 6048, 7563, 895, 4495, 7563, 7458, 
7279, 1833, 5433, 2936, 138, 6536, 3738, 145, 405, 3745, 4005, 3000, 712, 6600, 3075, 4312, 6675, 354, 2971, 6571, 3954, 1083, 544, 4683, 4144, 1056, 4656, 1475, 3052, 6652, 5075, 1789, 2134, 5389, 1844, 5444, 5734, 835, 4435, 2974, 6574, 7564, 3153, 2689, 6289, 6753, 909, 4509, 7564, 3422, 7022, 1014, 1664, 4614, 5264, 7563, 1220, 2073, 4820, 5673, 2703, 1116, 6303, 2395, 4716, 5995, 1231, 4831, 542, 948, 4142, 4548, 1465, 5065, 7563, 194, 3794, 7563, 7459, 
7280, 2999, 1533, 1292, 5133, 6599, 4892, 161, 2389, 3761, 5989, 2692, 6292, 2946, 1293, 231, 4893, 6546, 3831, 1805, 5405, 1492, 27, 930, 3627, 5092, 4530, 1946, 5546, 3388, 6988, 2824, 3131, 6424, 1297, 6731, 4897, 2469, 6069, 873, 158, 4473, 3758, 7565, 3405, 3091, 6691, 7005, 3246, 2142, 5742, 6846, 7565, 116, 3716, 2086, 5686, 294, 3894, 1551, 1493, 5093, 5151, 2130, 5730, 1771, 5371, 7564, 2064, 3366, 5664, 6966, 7565, 353, 3953, 7563, 7460, 
7281, 619, 4219, 1436, 5036, 1020, 4620, 356, 3956, 731, 228, 4331, 3828, 3555, 7155, 520, 4120, 7565, 3142, 6742, 272, 3872, 3253, 1397, 4997, 6853, 2357, 342, 3942, 5957, 1633, 2025, 5233, 5625, 3043, 3334, 6643, 6934, 7563, 7461, 
7282, 1873, 5473, 432, 1347, 4032, 4947, 2957, 6557, 822, 972, 4572, 4422, 1906, 5506, 1543, 5143, 2789, 6389, 1653, 5253, 941, 4541, 1607, 5207, 247, 3847, 7565, 1882, 5482, 3073, 6673, 841, 4441, 7563, 2364, 5964, 397, 3997, 7563, 2520, 3374, 6120, 6974, 2898, 148, 3748, 6498, 3361, 6961, 3550, 7150, 297, 3897, 1027, 4627, 2693, 6293, 1197, 1177, 4777, 4797, 870, 4470, 1111, 4711, 2407, 6007, 2948, 2627, 6548, 3220, 6227, 6820, 7564, 7462, 
7283, 2793, 6393, 2232, 1920, 5832, 1168, 5520, 4768, 2065, 5665, 7564, 699, 1614, 4299, 5214, 7463, 
7284, 1312, 4912, 3404, 7004, 7565, 1313, 3396, 6996, 4913, 3519, 7119, 802, 963, 703, 4402, 4303, 4563, 2765, 6365, 944, 4544, 2521, 2705, 402, 6121, 6305, 4002, 2040, 2020, 5640, 89, 5620, 3689, 1714, 5314, 2390, 367, 5990, 3967, 680, 4280, 7565, 2934, 6534, 2333, 1912, 5933, 5512, 7564, 2987, 466, 6587, 4066, 2145, 5745, 7564, 628, 4228, 2687, 6287, 1076, 4676, 7563, 7464, 
7285, 3007, 398, 3998, 6607, 1359, 2544, 6144, 4959, 899, 4499, 1415, 5015, 2618, 2449, 1803, 6218, 6049, 2972, 5403, 6572, 825, 910, 4510, 4425, 1566, 5166, 1584, 1281, 4881, 5184, 3181, 2886, 6781, 6486, 273, 3401, 3873, 7001, 1008, 317, 4608, 3917, 7563, 3590, 7190, 3013, 2877, 6613, 6477, 570, 4170, 41, 3641, 7563, 7465, 
7286, 3045, 6645, 2715, 6315, 7563, 3180, 6780, 1094, 4694, 1618, 110, 3710, 5218, 2536, 2001, 6136, 5601, 3161, 6761, 1721, 3082, 6682, 5321, 2227, 2013, 5827, 5613, 1311, 1495, 4911, 5095, 949, 4549, 1697, 5297, 3349, 6949, 7563, 7466, 
7287, 7467, 
7288, 1901, 3049, 3280, 5501, 6649, 6880, 1399, 4999, 3344, 2459, 6944, 6059, 545, 678, 4278, 4145, 851, 4451, 7565, 465, 462, 4065, 4062, 7565, 1985, 5585, 964, 4564, 2975, 3497, 6575, 7097, 3322, 6922, 1673, 5273, 954, 3081, 4554, 6681, 1300, 4900, 7564, 1997, 5597, 942, 1895, 4542, 5495, 2854, 2590, 6190, 6454, 7563, 2833, 3176, 6433, 2639, 6239, 6776, 2296, 2186, 5896, 5786, 1944, 5544, 7564, 1967, 5567, 3065, 3041, 6665, 6641, 1979, 5579, 82, 3682, 7563, 7468, 
7289, 1792, 5392, 1179, 1411, 4779, 1786, 5011, 5386, 1863, 2883, 5463, 6483, 121, 2105, 5705, 3721, 7563, 7469, 
7290, 2115, 5715, 2917, 6517, 940, 4540, 319, 2849, 3919, 6449, 1500, 5100, 697, 4297, 100, 271, 3700, 3871, 224, 2791, 3824, 6391, 2507, 3258, 6107, 6858, 3353, 6953, 3542, 7142, 1529, 5129, 3598, 2518, 7198, 6118, 1781, 5381, 7565, 1446, 5046, 7564, 315, 2023, 5623, 1662, 5262, 3915, 1023, 4623, 2825, 2196, 6425, 5796, 7564, 458, 4058, 7564, 1037, 4637, 2845, 6445, 3309, 6909, 2057, 1625, 5657, 5225, 706, 4306, 1592, 5192, 7563, 7470, 
7291, 7471, 
7292, 2501, 2943, 6101, 6543, 141, 3741, 1801, 630, 5401, 4230, 1542, 5142, 7472, 
7293, 2629, 6229, 7564, 2379, 165, 3765, 5979, 1194, 4794, 1583, 5183, 7565, 3068, 3364, 6668, 6964, 446, 1610, 4046, 5210, 2840, 3108, 1007, 6440, 6708, 1350, 4607, 1317, 4950, 4917, 688, 1790, 5390, 4288, 2394, 5994, 1870, 5470, 936, 4536, 962, 4562, 1798, 5398, 2363, 5963, 7565, 3459, 2528, 943, 6128, 7059, 4543, 7564, 2467, 3224, 6824, 6067, 1511, 1433, 5033, 5111, 53, 3653, 1030, 4630, 547, 1972, 4147, 2694, 5572, 6294, 2843, 741, 6443, 2485, 4341, 2836, 6085, 6436, 7565, 1026, 4626, 7563, 7473, 
7294, 349, 1379, 4979, 3949, 1599, 429, 5199, 4029, 607, 4207, 7564, 425, 4025, 447, 4047, 3315, 6915, 1224, 4824, 7474, 
7295, 1453, 5053, 346, 2255, 5855, 3946, 2470, 6070, 2979, 2540, 6140, 6579, 659, 4259, 107, 37, 3637, 3707, 7563, 7475, 
7296, 1451, 5051, 1963, 5563, 2720, 6320, 263, 333, 3863, 3933, 218, 3818, 7476, 
7297, 1937, 5537, 603, 4203, 2204, 70, 5804, 3670, 2752, 6352, 2332, 14, 5932, 1810, 3614, 5410, 1200, 4800, 1209, 113, 4809, 3713, 3018, 3363, 6618, 6963, 433, 4033, 1241, 4841, 7564, 2290, 5890, 291, 3891, 1935, 5535, 2481, 2229, 5829, 6081, 2051, 5651, 377, 3977, 7564, 2951, 2138, 6551, 5738, 998, 4598, 2403, 6003, 7477, 
7298, 140, 3740, 2870, 6470, 1307, 4907, 1761, 3477, 7077, 744, 5361, 4344, 1650, 577, 4177, 5250, 7563, 7478, 
7299, 2202, 5802, 2900, 3406, 6500, 535, 7006, 726, 4135, 4326, 1417, 5017, 1117, 4717, 3539, 7139, 1709, 5309, 2812, 6412, 1088, 4688, 751, 4351, 51, 1189, 4789, 3651, 489, 672, 4089, 1330, 4272, 4930, 1074, 391, 3991, 4674, 7563, 7479, 
7300, 2719, 6319, 562, 1701, 5301, 4162, 2700, 6300, 3190, 6790, 7563, 2710, 6310, 42, 3642, 3211, 2659, 6259, 6811, 1082, 1199, 4682, 3088, 4799, 6688, 3136, 2559, 6736, 6159, 244, 3844, 2842, 6442, 1757, 5357, 3225, 6825, 7564, 2771, 6371, 2353, 5953, 3097, 2875, 6475, 6697, 1217, 4817, 252, 3852, 3125, 6725, 7565, 2053, 5653, 7565, 1545, 296, 5145, 3896, 1131, 4731, 806, 4406, 7564, 404, 4004, 1402, 5002, 7480, 
7301, 2386, 3528, 7128, 5986, 1602, 514, 5202, 3329, 4114, 3264, 3214, 6929, 6814, 6864, 1274, 4874, 1248, 1499, 4848, 5099, 3109, 1855, 6709, 2901, 2016, 5455, 6501, 1824, 5616, 5424, 1705, 5305, 2116, 5716, 2489, 3033, 6089, 6633, 2283, 3437, 5883, 7037, 682, 2427, 4282, 6027, 215, 612, 3815, 4212, 2046, 5646, 7564, 1294, 4894, 1416, 5016, 2583, 6183, 3123, 6723, 7563, 7481, 
7302, 2668, 6268, 1776, 2599, 6199, 5376, 95, 3178, 2148, 3695, 6778, 5748, 613, 2492, 4213, 1062, 6092, 2380, 4662, 5980, 1853, 2348, 1302, 5453, 4902, 5948, 3385, 6985, 1268, 4868, 876, 3592, 4476, 7192, 1075, 4675, 2794, 6394, 7563, 7482, 
7303, 2757, 2674, 6357, 6274, 812, 4412, 2404, 6004, 3362, 6962, 1888, 2003, 5488, 5603, 2159, 582, 4182, 1846, 5759, 5446, 1237, 920, 4837, 359, 3959, 4520, 1185, 403, 4785, 4003, 921, 3507, 7107, 4521, 2941, 6541, 7563, 608, 4208, 149, 3749, 3228, 6828, 7564, 2085, 5685, 2155, 775, 4375, 1579, 5755, 254, 5179, 3854, 3377, 6977, 2275, 5875, 7565, 1881, 5481, 2526, 6126, 958, 4558, 1169, 4769, 2493, 6093, 7565, 1110, 4710, 101, 3701, 7563, 7483, 
7304, 3011, 3295, 6895, 6611, 868, 4468, 1192, 4792, 1962, 5562, 1938, 1203, 4803, 5538, 1247, 4847, 911, 1154, 4754, 4511, 493, 4093, 7563, 7484, 
7305, 3203, 3488, 6803, 7088, 3061, 6661, 1333, 4933, 456, 265, 4056, 3865, 7563, 2534, 2897, 6134, 6497, 1323, 4923, 3212, 6812, 950, 4550, 1369, 3544, 4969, 7144, 1254, 2019, 4854, 5619, 2772, 2777, 6377, 6372, 1698, 3183, 5298, 1468, 5068, 6783, 3328, 6928, 1455, 861, 4461, 5055, 2180, 2432, 6032, 5780, 7565, 2878, 6478, 1508, 5108, 2128, 5728, 1738, 5338, 844, 1783, 4444, 5383, 586, 2152, 4186, 5752, 2638, 6238, 7563, 7485, 
7306, 563, 2062, 4163, 5662, 3527, 3421, 7021, 7127, 3147, 389, 6747, 3989, 683, 4283, 3275, 1717, 6875, 5317, 7564, 1043, 2009, 4643, 5609, 1686, 5286, 1711, 5311, 2552, 2243, 6152, 5843, 373, 3973, 7563, 7486, 
7307, 2034, 1580, 5634, 2604, 6204, 5180, 548, 4148, 59, 3659, 3104, 6704, 2121, 5721, 1864, 5464, 549, 4149, 2754, 2331, 6354, 5931, 3517, 1932, 7117, 5532, 2095, 5695, 7564, 1028, 4628, 1087, 4687, 3455, 1077, 4677, 7055, 702, 4302, 3428, 88, 7028, 3688, 7563, 1205, 4805, 2572, 6172, 2135, 5735, 7565, 2398, 1724, 5998, 5324, 1966, 2340, 5940, 5566, 1837, 5437, 7565, 2102, 5702, 7487, 
7308, 2228, 5828, 127, 3467, 7067, 3727, 552, 4152, 7563, 2022, 5622, 3087, 6687, 1103, 1158, 4758, 4703, 106, 58, 3706, 3658, 3005, 309, 3909, 6605, 3107, 6707, 1522, 5122, 1355, 1459, 4955, 5059, 2542, 770, 6142, 4370, 1868, 5468, 7564, 1629, 3521, 5229, 7121, 2564, 1101, 6164, 4701, 2733, 6333, 1752, 276, 5352, 1070, 3876, 4670, 7563, 1808, 2455, 3431, 5408, 6055, 7031, 160, 3760, 172, 3772, 2132, 2420, 5732, 6020, 7563, 7488, 
7309, 1913, 5513, 2253, 5853, 1956, 5556, 3189, 6789, 1392, 3101, 6701, 4992, 968, 4568, 155, 3755, 7563, 7489, 
7310, 118, 3718, 2910, 6510, 1172, 4772, 2784, 1517, 5117, 6384, 64, 3664, 7564, 2634, 6234, 2179, 2182, 5782, 5779, 2430, 1890, 6030, 5490, 7490, 
7311, 1691, 1193, 4793, 5291, 2119, 5719, 7565, 3547, 7147, 1716, 5316, 1778, 5378, 642, 4242, 7563, 7491, 
7312, 3564, 3238, 7164, 6838, 363, 3963, 1093, 4693, 7564, 34, 3634, 643, 4243, 504, 4104, 2953, 6553, 3351, 3126, 6951, 6726, 2252, 800, 5852, 1608, 5208, 4400, 2256, 3083, 5856, 6683, 1051, 4651, 7563, 2478, 6078, 1644, 1279, 3511, 7111, 5244, 4879, 7565, 852, 267, 4452, 3867, 1143, 4743, 2580, 6180, 734, 4334, 3158, 6758, 3332, 6932, 2416, 48, 6016, 2726, 3648, 1924, 6326, 5524, 18, 981, 3618, 4581, 7563, 2942, 6542, 2530, 1626, 6130, 5226, 1680, 2665, 1621, 5280, 6265, 5221, 7563, 7492, 
7313, 3574, 7174, 500, 4100, 2032, 2235, 5835, 5632, 2346, 112, 3712, 5946, 399, 3999, 7563, 7493, 
7314, 1427, 5027, 604, 1839, 5439, 4204, 2958, 6558, 1222, 4822, 479, 4079, 3588, 7188, 1255, 4855, 1284, 2893, 4884, 6493, 3299, 3357, 6899, 6957, 523, 4123, 2129, 1479, 5079, 5729, 322, 1788, 5388, 3922, 277, 3877, 7563, 7494, 
7315, 1649, 5249, 2651, 173, 2382, 6251, 3773, 226, 5982, 1403, 3826, 5003, 1400, 5000, 400, 4000, 7565, 2268, 5868, 2882, 1958, 6482, 2909, 3445, 5558, 6509, 7045, 1211, 4811, 3106, 3381, 6981, 6706, 455, 4055, 7565, 2750, 6350, 992, 4592, 2887, 6487, 1340, 4940, 229, 3829, 475, 4075, 2608, 3213, 6813, 6208, 1685, 361, 5285, 3961, 1015, 4615, 7563, 21, 3187, 3621, 6787, 7564, 2704, 469, 4069, 6304, 7565, 1136, 457, 4057, 4736, 2969, 6569, 7564, 3518, 1123, 7118, 4723, 7565, 1536, 5136, 7563, 7495, 
7316, 2624, 2075, 3417, 6224, 5675, 7017, 809, 4409, 1005, 4605, 2251, 5851, 1617, 1732, 5217, 5332, 1959, 583, 5559, 4183, 1507, 5107, 178, 3778, 484, 1513, 5113, 2553, 4084, 6153, 1984, 1860, 5584, 5460, 281, 3881, 1259, 3279, 6879, 4859, 7565, 1682, 5282, 1295, 4895, 105, 1309, 3705, 4909, 207, 3807, 7563, 300, 3900, 1139, 4739, 3095, 6695, 2640, 6240, 7564, 2122, 1159, 4759, 5722, 1930, 5530, 2817, 6417, 7563, 7496, 
7317, 2028, 5628, 2141, 5741, 1102, 4702, 1207, 3036, 2377, 4807, 6636, 5977, 1561, 5161, 7565, 3114, 6714, 3436, 7036, 2280, 5880, 3278, 3218, 6878, 6818, 1107, 4707, 1780, 5380, 2767, 6367, 849, 4449, 350, 3950, 1998, 1055, 4655, 5598, 1510, 5110, 7563, 3525, 1916, 3014, 6614, 7125, 5516, 7564, 1315, 444, 2412, 4915, 4044, 6012, 1872, 5472, 223, 3823, 2171, 2506, 5771, 6106, 7563, 7497, 
7318, 45, 3645, 2758, 3020, 6358, 6620, 1549, 5149, 3427, 1668, 7027, 5268, 7563, 7498, 
7319, 7499, 
7320, 3093, 6693, 2012, 5612, 3302, 6902, 2650, 6250, 1800, 5400, 686, 4286, 3227, 3556, 6827, 7156, 735, 4335, 7563, 7500, 
7321, 3541, 7141, 2055, 5655, 1902, 5502, 16, 1413, 5013, 3616, 379, 3979, 2499, 6099, 571, 877, 4171, 4477, 2959, 6559, 838, 3296, 4438, 6896, 478, 4078, 7563, 1878, 5478, 2641, 584, 6241, 2438, 4184, 1514, 5114, 6038, 1108, 4708, 7563, 518, 4118, 46, 3646, 3591, 2782, 6382, 7191, 97, 310, 3697, 3523, 3910, 996, 4596, 7123, 2769, 6369, 7564, 2595, 6195, 7563, 2649, 6249, 3002, 1821, 2278, 5421, 6602, 5878, 7501, 
7322, 3312, 1892, 240, 6912, 5492, 3840, 3100, 6700, 2740, 2267, 5867, 6340, 7565, 2399, 5999, 1258, 978, 4578, 2778, 4858, 3572, 6378, 7172, 894, 3154, 6754, 4494, 279, 3879, 109, 3709, 2702, 1774, 6302, 5374, 1262, 4862, 256, 2458, 3856, 6058, 1462, 2996, 5062, 6596, 7564, 321, 1934, 5534, 3921, 1957, 5557, 7565, 212, 1238, 3812, 4838, 1092, 4692, 696, 760, 4296, 4360, 730, 4330, 7563, 7502, 
7323, 2376, 2175, 5775, 5976, 1600, 5200, 567, 3323, 4167, 6923, 1031, 4631, 1318, 4918, 414, 4014, 1570, 5170, 7563, 1393, 1282, 4993, 4882, 1174, 2309, 4774, 2072, 5909, 2834, 5672, 6434, 7563, 3565, 7165, 2060, 5660, 2324, 5924, 3398, 655, 6998, 4255, 1151, 4751, 887, 4487, 3305, 6905, 2800, 282, 6400, 3882, 7564, 3122, 3310, 6722, 6910, 2691, 836, 4436, 6291, 2933, 6533, 7563, 1229, 4829, 7563, 7503, 
7324, 7504, 
7325, 3207, 6807, 3063, 6663, 1097, 4697, 1233, 1304, 4833, 4904, 902, 4502, 7565, 2260, 5860, 2747, 2133, 6347, 5733, 335, 3935, 649, 1550, 4249, 5150, 3274, 3391, 6874, 762, 4362, 6991, 7563, 7505, 
7326, 1228, 4828, 2059, 5659, 3552, 7152, 181, 3781, 1681, 1491, 5281, 5091, 7506, 
7327, 2471, 6071, 1048, 4648, 131, 3731, 2439, 6039, 3079, 6679, 3499, 7099, 765, 4365, 1815, 5415, 2157, 657, 5757, 4257, 7563, 7507, 
7328, 777, 4377, 7565, 3419, 2326, 7019, 5926, 534, 597, 274, 4134, 4197, 3874, 2273, 1695, 5873, 5295, 793, 1624, 5224, 4393, 190, 2154, 3790, 5754, 290, 3890, 783, 3276, 4383, 6876, 2904, 435, 4035, 6504, 20, 3620, 1432, 5032, 733, 4333, 757, 1391, 4357, 4991, 470, 4070, 7564, 3076, 6676, 7564, 3254, 1191, 6854, 4791, 1290, 1239, 4890, 4839, 7563, 2505, 6105, 771, 4371, 1565, 5165, 752, 1115, 4352, 4715, 7563, 7508, 
7329, 2233, 2071, 2727, 5833, 5671, 6327, 1325, 4925, 49, 3649, 1124, 4724, 498, 4098, 1623, 5223, 2903, 3252, 6503, 6852, 7565, 3545, 1933, 5533, 7145, 880, 461, 4061, 4480, 2328, 5928, 977, 2749, 4577, 6349, 129, 3729, 7563, 7509, 
7330, 1010, 4610, 1422, 5022, 1069, 4669, 2729, 3476, 6329, 7076, 7565, 3335, 6935, 2045, 5645, 850, 4450, 1140, 4740, 1428, 5028, 2017, 1802, 5617, 5402, 2637, 6237, 2550, 1836, 1952, 6150, 5552, 5436, 2281, 5881, 250, 3850, 7565, 3231, 6831, 1769, 5369, 1212, 4812, 442, 1050, 4650, 4042, 415, 4015, 1152, 4752, 7564, 3416, 7016, 2787, 2547, 6387, 6147, 2088, 2247, 5847, 5688, 3375, 6975, 3348, 1641, 5241, 6948, 7563, 7510, 
7331, 164, 3764, 1991, 1059, 5591, 4659, 329, 1385, 3929, 4985, 611, 1751, 5351, 4211, 3133, 6733, 1537, 5137, 2802, 1269, 6402, 4869, 1452, 5052, 7563, 904, 4504, 565, 4165, 799, 4399, 2742, 3493, 6342, 7093, 2852, 3441, 6452, 7041, 7564, 3096, 280, 3880, 6696, 7563, 7511, 
7332, 1679, 5279, 2643, 6243, 2721, 2976, 6321, 6576, 3157, 3102, 6757, 6702, 2323, 5923, 139, 2511, 3739, 6111, 7565, 179, 3779, 506, 4106, 3447, 7047, 1784, 3356, 6956, 5384, 1442, 5042, 871, 1521, 4471, 1013, 5121, 4613, 1544, 2358, 5144, 5958, 1567, 776, 2619, 5167, 4376, 6219, 695, 4295, 1407, 5007, 7565, 2230, 5830, 915, 4515, 260, 3860, 1025, 4625, 3163, 6763, 3453, 7053, 7563, 7512, 
7333, 3563, 7163, 1866, 1775, 5375, 5466, 384, 3984, 1218, 2465, 4818, 6065, 7564, 61, 3661, 7513, 
7334, 3053, 6653, 2662, 6262, 2790, 3448, 6390, 517, 7048, 2011, 4117, 5611, 1021, 3062, 4621, 6662, 572, 4172, 7563, 2215, 3144, 5815, 6744, 2070, 2605, 5670, 6205, 2924, 1319, 6524, 4919, 1162, 4762, 7563, 718, 4318, 1822, 5422, 1060, 4660, 503, 4103, 2597, 6197, 2212, 196, 3796, 5812, 7565, 3566, 7166, 3578, 7178, 3160, 6760, 7563, 7514, 
7335, 3215, 6815, 3116, 2587, 6716, 6187, 2002, 2038, 5638, 5602, 264, 2636, 995, 3864, 6236, 4595, 1310, 4910, 7565, 2221, 5821, 3050, 2818, 6418, 1919, 6650, 5519, 2177, 5777, 3004, 255, 6604, 3855, 1242, 4842, 3266, 167, 3767, 6866, 1208, 4808, 2181, 5781, 2630, 2249, 674, 6230, 5849, 4274, 7564, 2453, 3378, 6053, 6978, 715, 4315, 1345, 4945, 1383, 4983, 7564, 2730, 2319, 6330, 5919, 798, 1267, 4398, 4867, 217, 1022, 3817, 4622, 1850, 5450, 7563, 7515, 
7336, 2823, 2837, 6423, 6437, 2151, 5751, 1357, 4957, 176, 3776, 7564, 3124, 2198, 6724, 5798, 7565, 693, 4293, 286, 3886, 3303, 516, 6903, 4116, 629, 4229, 57, 3657, 602, 4202, 1515, 5115, 1905, 3522, 5505, 7122, 3495, 7095, 388, 3376, 3988, 6976, 1009, 929, 2338, 5938, 4609, 4529, 2236, 1480, 5080, 5836, 1871, 5471, 7563, 7516, 
7337, 1923, 574, 2539, 6139, 5523, 4174, 1627, 5227, 1652, 1155, 5252, 4755, 2298, 3077, 5898, 6677, 2487, 6087, 980, 976, 4576, 4580, 1526, 5126, 1596, 111, 5196, 2513, 3711, 6113, 796, 4396, 2809, 6409, 2915, 831, 3471, 4431, 6515, 7071, 2977, 704, 4304, 6577, 7564, 3188, 1896, 5496, 6788, 2923, 6523, 308, 3908, 7517, 
7338, 3319, 6919, 1925, 533, 5525, 4133, 2219, 360, 676, 5819, 3960, 4276, 3003, 3439, 6603, 7039, 1885, 5485, 1477, 1555, 5077, 5155, 133, 3733, 491, 1035, 4091, 4635, 1749, 5349, 2611, 253, 935, 3853, 6211, 4535, 2436, 6036, 7565, 60, 3660, 923, 1675, 5275, 4523, 1335, 4935, 7565, 3243, 2120, 6843, 5720, 2676, 6276, 7564, 2318, 123, 3723, 5918, 1243, 4843, 901, 4501, 7563, 7518, 
7339, 2535, 6135, 7564, 2647, 2144, 2406, 6247, 5744, 6006, 1249, 4849, 7564, 1057, 4657, 234, 1941, 3834, 5541, 1006, 795, 4395, 4606, 428, 4028, 7563, 1161, 4761, 407, 4007, 3438, 7038, 3105, 6705, 1730, 5330, 1978, 5578, 2666, 6266, 1273, 4873, 687, 1487, 5087, 4287, 862, 4462, 3251, 6851, 1812, 1851, 5451, 5412, 7563, 903, 4503, 3347, 6947, 774, 2480, 6080, 2118, 4374, 5718, 237, 3837, 7563, 7519, 
7340, 3480, 7080, 416, 4016, 120, 3720, 7520, 
7341, 926, 3504, 4526, 7104, 2653, 6253, 1363, 2301, 4963, 5901, 1336, 4936, 1412, 669, 993, 5012, 4269, 4593, 767, 4367, 2578, 1943, 5543, 6178, 2755, 6355, 814, 4414, 1642, 5242, 1287, 4887, 7563, 3298, 1688, 6898, 5288, 305, 1298, 4898, 3905, 1791, 5391, 7563, 7521, 
7342, 1976, 671, 4271, 5576, 1046, 4646, 3263, 2320, 788, 6863, 4388, 5920, 1145, 4745, 2896, 6496, 3394, 6994, 3425, 3313, 7025, 6913, 3219, 6819, 2952, 3267, 6552, 6867, 339, 2701, 3939, 6301, 2919, 6519, 7564, 2847, 6447, 1418, 5018, 1042, 495, 4642, 4095, 299, 587, 3899, 4187, 7565, 3177, 6777, 3320, 6920, 3548, 17, 3617, 7148, 2558, 6158, 7563, 7522, 
7343, 3567, 7167, 627, 4227, 2426, 6026, 219, 3819, 3593, 7193, 2582, 6182, 7565, 170, 3770, 7523, 
7344, 3341, 6941, 616, 4216, 2069, 5669, 1842, 5442, 2654, 6254, 7563, 2748, 6348, 3145, 6745, 2201, 5801, 3072, 2370, 2240, 6672, 5970, 5840, 7524, 
7345, 1884, 1834, 5484, 5434, 931, 4531, 452, 4052, 1692, 5292, 7563, 2163, 5763, 3210, 6810, 2103, 275, 5703, 3875, 1058, 4658, 2027, 591, 834, 5627, 4434, 4191, 2664, 6264, 906, 4506, 7563, 2374, 1525, 5974, 5125, 1275, 1257, 4875, 4857, 970, 4570, 1557, 5157, 163, 3763, 7565, 2288, 5888, 882, 2543, 4482, 6143, 2675, 3270, 6870, 6275, 3530, 1929, 7130, 5529, 1138, 4738, 7563, 7525, 
7346, 2981, 6581, 2841, 6441, 2813, 6413, 668, 807, 4407, 4268, 1358, 1130, 4730, 4958, 3128, 6728, 2819, 6419, 7565, 2914, 3513, 7113, 6514, 1547, 5147, 301, 3901, 220, 3820, 2527, 6127, 3244, 728, 6844, 4328, 1474, 5074, 2944, 867, 4467, 6544, 1426, 3241, 5026, 6841, 541, 4141, 412, 4012, 7565, 1105, 4705, 2225, 2344, 2110, 5944, 5825, 5710, 832, 4432, 3185, 1744, 5344, 6785, 7563, 7526, 
7347, 482, 4082, 459, 2083, 4059, 5683, 2508, 3229, 6829, 6108, 1973, 5573, 740, 4340, 1054, 2556, 4654, 6156, 2091, 2401, 5691, 6001, 3576, 606, 1883, 7176, 2768, 4206, 5483, 6368, 1876, 5476, 1137, 4737, 312, 3912, 75, 3675, 967, 4567, 7563, 2452, 6052, 1921, 5521, 245, 3845, 2753, 2685, 6285, 6353, 1071, 502, 4671, 4102, 7565, 750, 4350, 7563, 7527, 
7348, 2408, 6008, 3424, 2695, 6295, 7024, 2305, 5905, 2773, 6373, 7565, 644, 2184, 5784, 4244, 2308, 5908, 1690, 5290, 2450, 1727, 6050, 5327, 1388, 4988, 2074, 5674, 3557, 7157, 7565, 382, 3982, 104, 1797, 2945, 5397, 3704, 6545, 748, 4348, 3418, 7018, 174, 3774, 1996, 5596, 2006, 5606, 7563, 2315, 5915, 7564, 1045, 4645, 1466, 5066, 7563, 7528, 
7349, 2241, 2563, 5841, 2297, 6163, 5897, 1283, 4883, 739, 4339, 7564, 1367, 4967, 824, 4424, 156, 3756, 2411, 6011, 330, 3930, 3365, 6965, 3257, 2857, 2269, 6857, 6457, 5869, 157, 3757, 720, 4320, 928, 4528, 3580, 1112, 639, 7180, 4712, 4239, 645, 505, 4245, 4105, 3046, 6646, 7565, 1299, 2963, 6563, 4899, 2018, 5618, 2351, 5951, 162, 3762, 7563, 1904, 2973, 6573, 2082, 5504, 1787, 5682, 5387, 1539, 1271, 5139, 4871, 7563, 7529, 
7350, 1965, 3024, 5565, 6624, 1384, 1927, 5527, 4984, 374, 3974, 2756, 6356, 3138, 6738, 1848, 5448, 93, 2058, 3120, 3693, 2606, 5658, 6720, 6206, 772, 4372, 7563, 7530, 
7351, 725, 4325, 1940, 3569, 7169, 5540, 208, 2966, 6566, 3808, 3454, 7054, 7563, 3561, 3554, 7161, 7154, 3485, 474, 4074, 7085, 2935, 1260, 6535, 4860, 1454, 1341, 4941, 3535, 5054, 7135, 7563, 7531, 
7352, 2658, 6258, 3514, 5, 7114, 3605, 1739, 3491, 5339, 7091, 1371, 4971, 2334, 341, 5934, 2510, 3941, 6110, 3232, 2472, 6072, 6832, 2498, 1352, 6098, 4952, 1253, 4853, 1814, 3289, 5414, 6889, 830, 4430, 2400, 6000, 2176, 5776, 7565, 1989, 5589, 3380, 1339, 6980, 4939, 3316, 6916, 1674, 5274, 92, 3692, 7532, 
7353, 3407, 2810, 7007, 6410, 1473, 5073, 3355, 1019, 6955, 4619, 3103, 225, 1484, 6703, 3825, 5084, 937, 4537, 2109, 5709, 3140, 1582, 5182, 6740, 1272, 4872, 886, 4486, 2601, 2451, 6201, 6051, 2667, 893, 6267, 539, 4493, 1119, 4139, 4719, 7565, 1527, 5127, 561, 3330, 4161, 6930, 7565, 1183, 4783, 1447, 3291, 6891, 5047, 2417, 2993, 6017, 6593, 7565, 3358, 6958, 508, 4108, 692, 2814, 4292, 6414, 1091, 4691, 7533, 
7354, 3071, 6671, 1949, 209, 5549, 3809, 634, 4234, 1471, 1444, 5071, 316, 5044, 3916, 85, 3685, 2468, 6068, 3017, 471, 6617, 4071, 1597, 5197, 1450, 5050, 1589, 1032, 4632, 5189, 7563, 2775, 3435, 7035, 6375, 2741, 443, 4043, 6341, 3387, 2035, 1029, 5635, 6987, 3516, 4629, 3317, 6917, 7116, 7563, 3373, 658, 4258, 6973, 3250, 77, 6850, 2954, 3677, 6554, 1571, 5171, 7564, 3433, 7033, 243, 633, 3262, 4233, 3843, 1796, 6862, 1581, 5396, 5181, 1225, 4825, 7534, 
7355, 866, 4466, 2982, 6582, 2537, 1762, 15, 6137, 5362, 3615, 134, 3734, 1601, 5201, 684, 722, 4284, 334, 3934, 4322, 2169, 5769, 3080, 6680, 1736, 5336, 119, 3719, 3029, 6629, 2081, 5681, 7563, 7535, 
7356, 436, 4036, 3408, 1894, 7008, 5494, 2577, 6177, 1324, 4924, 7564, 3487, 2932, 7087, 1806, 6532, 5406, 2916, 6516, 7536, 
7357, 737, 1795, 4337, 5395, 7564, 621, 4221, 2484, 6084, 2815, 385, 6415, 3985, 94, 3694, 3051, 2208, 6651, 5808, 1090, 4690, 1915, 5515, 2361, 5961, 7563, 7537, 
7358, 3094, 2633, 6694, 6233, 7565, 1879, 3333, 6933, 5479, 152, 3752, 1127, 985, 4585, 4727, 7564, 2192, 5792, 1992, 2517, 5592, 6117, 1587, 1875, 5187, 5475, 44, 3644, 3340, 3171, 1856, 6940, 5456, 6771, 1163, 1909, 5509, 4763, 2254, 3031, 5854, 6631, 3486, 7086, 3261, 781, 6861, 4381, 7563, 1988, 5588, 1560, 5160, 7563, 2435, 6035, 3450, 477, 7050, 4077, 189, 3789, 200, 3800, 1576, 5176, 2516, 1630, 6116, 5230, 7565, 434, 4034, 7538, 
7359, 3067, 1321, 4921, 6667, 724, 4324, 7563, 2108, 5708, 3483, 7083, 1897, 5497, 3260, 6860, 7563, 2588, 6188, 2194, 3411, 7011, 5794, 3318, 3273, 6918, 6873, 2193, 1742, 5342, 5793, 2738, 2538, 6338, 6138, 211, 1947, 5547, 3811, 2684, 3271, 6284, 6871, 1184, 4784, 3400, 1044, 7000, 4644, 960, 4560, 2146, 5746, 2706, 6306, 1773, 1106, 4706, 5373, 7565, 2663, 6263, 7564, 413, 4013, 3399, 6999, 3055, 6655, 7563, 7539, 
7360, 1849, 5449, 1389, 4989, 1546, 5146, 550, 4150, 1356, 2835, 4956, 6435, 1394, 636, 3466, 4994, 4236, 7066, 7563, 7540, 
7361, 1604, 1052, 4652, 5204, 826, 4426, 966, 4566, 689, 946, 4289, 4546, 2150, 1758, 5750, 2365, 5358, 5965, 1429, 2866, 6466, 5029, 7563, 813, 1731, 4413, 5331, 670, 1880, 4270, 5480, 1506, 1939, 5106, 640, 5539, 4240, 12, 83, 3683, 3612, 2525, 6125, 1227, 4827, 7565, 2456, 6056, 2381, 2263, 5981, 5863, 820, 4420, 652, 258, 4252, 3858, 1289, 717, 4889, 4317, 3216, 2781, 6816, 6381, 3234, 6834, 2913, 6513, 7563, 7541, 
7362, 2307, 5907, 1829, 5429, 1715, 3342, 5315, 2112, 6942, 5712, 2851, 6451, 701, 4301, 2911, 6511, 2554, 6154, 1252, 2874, 4852, 6474, 251, 1807, 3851, 595, 888, 5407, 4195, 4488, 396, 1639, 5239, 3996, 3, 3603, 3115, 1903, 6715, 5503, 1424, 3169, 5024, 2321, 5921, 6769, 3352, 6952, 7565, 314, 3914, 7564, 3543, 7143, 2282, 5882, 7565, 3538, 2402, 6002, 7138, 638, 4238, 87, 175, 3687, 3775, 2724, 6324, 7563, 7542, 
7363, 357, 3957, 1406, 5006, 3035, 6635, 878, 4478, 2388, 5988, 1598, 5198, 912, 4512, 3571, 2808, 6408, 7171, 3456, 2509, 7056, 6109, 1266, 4866, 268, 1750, 624, 3868, 4224, 5350, 154, 3754, 1170, 2068, 4770, 5668, 7563, 7543, 
7364, 3191, 6791, 2938, 3308, 6538, 1306, 6908, 4906, 2743, 3245, 2762, 6343, 6845, 6362, 2033, 2337, 5633, 5937, 2682, 2581, 6282, 6181, 159, 2906, 3759, 6506, 3292, 6892, 1226, 4826, 2853, 6453, 3304, 6904, 2205, 2164, 5805, 5764, 7563, 1100, 1098, 4700, 4698, 2949, 6549, 7565, 2596, 1768, 6196, 3297, 5368, 2820, 2628, 6897, 6228, 6420, 3532, 1663, 7132, 1719, 5263, 5319, 7564, 2795, 1316, 6395, 543, 4916, 4143, 3457, 344, 3944, 908, 7057, 4508, 1622, 2063, 5222, 5663, 7544, 
7365, 3156, 6756, 1494, 5094, 2166, 2464, 5766, 6064, 364, 3964, 2905, 6505, 1689, 1541, 5289, 103, 3703, 5141, 1733, 1914, 5333, 1632, 5514, 5232, 2652, 6252, 284, 2314, 5914, 3884, 3001, 6601, 468, 3484, 7084, 4068, 66, 3666, 2375, 1534, 5975, 5134, 2461, 6061, 7565, 3413, 3135, 7013, 6735, 7563, 2421, 6021, 1018, 568, 4618, 4168, 1612, 5212, 7565, 2960, 441, 6560, 4041, 1928, 5528, 1670, 601, 5270, 4201, 7545, 
7366, 2024, 2356, 5624, 5956, 3182, 6782, 2048, 989, 4589, 5648, 2603, 6203, 1061, 352, 4661, 3952, 2545, 6145, 7563, 3164, 2503, 6764, 6103, 2968, 6568, 7564, 2998, 646, 6598, 4246, 1606, 5206, 3481, 19, 7081, 3619, 2104, 5704, 2902, 6502, 3498, 2274, 7098, 2672, 5874, 2084, 6272, 5684, 7564, 2387, 5987, 2158, 2763, 5758, 6363, 1146, 2988, 6588, 4746, 1987, 1590, 5587, 5190, 3151, 6751, 7563, 7546, 
7367, 2238, 5838, 3059, 2384, 6659, 5984, 1129, 4729, 2310, 5910, 2325, 1613, 5213, 5925, 1693, 5293, 7565, 307, 538, 3907, 4138, 1970, 5570, 3585, 2573, 7185, 1349, 6173, 4949, 7563, 7547, 
7368, 3204, 6804, 2660, 421, 4021, 6260, 449, 4049, 3594, 7194, 1718, 5318, 7563, 3197, 6797, 2299, 3272, 5899, 6872, 3237, 1645, 6837, 5245, 7548, 
7369, 2811, 6411, 3023, 2021, 6623, 5621, 2264, 1079, 4679, 5864, 2804, 1593, 6404, 5193, 454, 4054, 108, 3708, 1278, 3575, 4878, 7175, 238, 3838, 7563, 7549, 
7370, 7550, 
7371, 3582, 7182, 2502, 6102, 3060, 6660, 13, 1794, 3613, 5394, 2523, 6123, 1322, 1001, 4922, 4601, 331, 3931, 1535, 1456, 1936, 5135, 5056, 5536, 1327, 184, 821, 3784, 4927, 4421, 7563, 3162, 6762, 3360, 6960, 71, 2500, 3671, 6100, 3230, 6830, 171, 3771, 1677, 1605, 5205, 5277, 7564, 1366, 4966, 853, 451, 4453, 3452, 4051, 146, 7052, 3746, 7564, 2161, 5761, 7565, 3461, 201, 7061, 3801, 3235, 716, 4316, 6835, 1301, 3446, 4901, 892, 7046, 4492, 7563, 7551, 
7372, 422, 4022, 3339, 323, 6939, 3923, 1329, 4929, 1190, 4790, 7552, 
7373, 2195, 5795, 2147, 1, 3601, 5747, 900, 1770, 4500, 5370, 663, 4263, 816, 4416, 2172, 5772, 2100, 3458, 5700, 2698, 7058, 1835, 5435, 6298, 7564, 2303, 1585, 5903, 5185, 2939, 6539, 845, 4445, 278, 3878, 3137, 6737, 2187, 5787, 7565, 854, 439, 4454, 4039, 102, 3702, 9, 2216, 3609, 1215, 5816, 4815, 3038, 2496, 6638, 6096, 2788, 927, 6388, 1974, 957, 4527, 4557, 5574, 1747, 2143, 3039, 5347, 6639, 5743, 7564, 3265, 690, 6865, 4290, 7563, 7553, 
7374, 7554, 
7375, 7555, 
7376, 3121, 6721, 3170, 6770, 556, 4156, 7564, 2610, 6210, 2568, 6168, 1518, 5118, 519, 4119, 7556, 
7377, 2615, 6215, 1401, 3397, 6997, 5001, 1631, 5231, 1178, 4778, 7564, 1196, 4796, 1072, 4672, 3440, 3500, 7040, 304, 3549, 7100, 3904, 7149, 395, 3995, 7557, 
7378, 7558, 
7379, 3479, 7079, 7565, 540, 4140, 1666, 5266, 2780, 6380, 1150, 4750, 2207, 779, 5807, 4379, 758, 4358, 1687, 5287, 7563, 7559, 
7380, 768, 4368, 392, 3992, 90, 3690, 1568, 5168, 486, 2964, 6564, 4086, 2111, 5711, 365, 3965, 2457, 2462, 2200, 6057, 6062, 5800, 1969, 598, 4198, 5569, 343, 3943, 7563, 7560, 
7381, 2565, 6165, 2197, 1819, 1437, 5797, 5419, 5037, 2030, 3086, 5630, 6686, 656, 358, 4256, 3286, 3958, 378, 3978, 6886, 2731, 2183, 6331, 5783, 2644, 3016, 6616, 6244, 7563, 3152, 6752, 3573, 1818, 7173, 5418, 525, 351, 3951, 4125, 430, 4030, 2991, 6591, 3482, 7082, 1660, 5260, 338, 3938, 7565, 3540, 7140, 7565, 150, 3750, 2359, 2479, 5959, 6079, 480, 4080, 711, 4311, 241, 3841, 1408, 5008, 380, 222, 3822, 3980, 3283, 559, 4159, 6883, 7563, 7561, 
7382, 3248, 6848, 2098, 5698, 7565, 3546, 2010, 7146, 5610, 792, 84, 4392, 3684, 753, 2234, 4353, 3175, 5834, 6775, 522, 4122, 7563, 2488, 6088, 2097, 797, 4397, 3022, 5697, 6622, 3064, 1530, 1609, 6664, 5130, 5209, 2410, 6010, 2367, 1047, 345, 5967, 3945, 4647, 721, 2555, 1326, 6155, 4321, 4926, 2764, 3167, 6767, 3354, 1256, 6364, 6954, 4856, 3149, 467, 6749, 4067, 2830, 2736, 6430, 6336, 575, 183, 3783, 4175, 7564, 2429, 6029, 132, 3732, 677, 4277, 7563, 7562, 
