8003, 8405, 2872, 6872, 87, 810, 4087, 4810, 1515, 1730, 5730, 5515, 8404, 2556, 2185, 6185, 6556, 1909, 5909, 8403, 8203, 
8004, 8204, 
8005, 1315, 2426, 6426, 5315, 625, 1303, 5303, 4625, 3905, 7905, 3963, 7963, 3529, 7529, 3017, 3486, 2444, 7486, 7017, 6444, 8403, 2574, 3647, 1082, 6574, 7647, 5082, 3765, 1871, 5871, 7765, 1454, 5454, 2176, 6176, 2060, 2118, 2169, 6060, 6118, 6169, 77, 2307, 6307, 4077, 3396, 7396, 3954, 1646, 272, 7954, 4272, 875, 5646, 4875, 465, 4465, 2171, 6171, 938, 4938, 8403, 8205, 
8006, 2550, 1918, 3542, 6550, 7542, 5918, 3148, 3421, 7421, 7148, 8403, 3747, 2619, 7747, 6619, 3918, 7918, 3477, 7477, 8405, 3387, 2034, 7387, 6034, 2641, 3812, 2475, 6641, 7812, 6475, 282, 4282, 1721, 1586, 5721, 5586, 8405, 817, 1091, 1352, 4817, 5352, 5091, 2653, 31, 152, 6653, 4031, 4152, 1070, 1581, 5581, 5070, 3635, 2030, 7635, 6030, 8405, 2333, 50, 919, 4050, 6333, 4919, 1106, 5106, 658, 4658, 8405, 1881, 5881, 3189, 7189, 216, 4216, 8403, 1256, 3698, 7698, 5256, 8403, 8206, 
8007, 8207, 
8008, 3519, 7519, 297, 235, 4235, 4297, 2916, 6916, 573, 4573, 8208, 
8009, 3690, 7690, 3909, 7909, 1814, 2282, 6282, 5814, 1844, 5844, 1684, 5684, 8405, 1778, 2375, 5778, 6375, 8403, 8209, 
8010, 3567, 638, 7567, 4638, 328, 4328, 2611, 1136, 5136, 6611, 3324, 1652, 5652, 7324, 3860, 3944, 7860, 1261, 7944, 5261, 1312, 2105, 6105, 5312, 8403, 2175, 6175, 8403, 2890, 6890, 1437, 5437, 398, 3489, 7489, 4398, 121, 4121, 3893, 44, 7893, 4044, 3271, 7271, 1911, 5911, 8404, 2395, 6395, 3516, 7516, 8405, 1925, 5925, 1356, 5356, 2277, 6277, 3000, 1952, 7000, 5952, 8403, 8210, 
8011, 3683, 7683, 2678, 6678, 779, 4779, 1157, 267, 5157, 4267, 155, 4155, 3820, 7820, 2423, 6423, 782, 162, 4162, 4782, 2092, 6092, 787, 1838, 4787, 5838, 1998, 507, 5998, 4507, 1369, 1465, 5465, 2533, 5369, 1864, 6533, 5864, 485, 4485, 1930, 5930, 8403, 2373, 6373, 3925, 7925, 2161, 6161, 8403, 2962, 6962, 1905, 1380, 5905, 3832, 5380, 7832, 1922, 2558, 6558, 5922, 1709, 5709, 3911, 7911, 55, 1085, 4055, 5085, 1389, 2054, 439, 5389, 6054, 4439, 1639, 5639, 34, 4034, 1324, 5324, 2712, 6712, 8403, 8211, 
8012, 3459, 2925, 7459, 1861, 6925, 5861, 547, 4547, 1791, 1739, 5791, 5739, 877, 1945, 4877, 5945, 3054, 352, 2722, 4352, 6722, 7054, 2567, 1457, 6567, 5457, 2419, 6419, 2067, 6067, 3259, 7259, 1292, 5292, 8403, 8212, 
8013, 2296, 2594, 6296, 6594, 8403, 3213, 3293, 2982, 7213, 7293, 6982, 1365, 5365, 1552, 3400, 5552, 7400, 1869, 472, 5869, 4472, 3236, 3578, 3569, 7578, 7569, 7236, 32, 4032, 8404, 2029, 824, 6029, 1969, 4824, 5969, 1343, 5343, 1863, 5863, 2422, 2262, 1795, 6262, 6422, 5795, 8404, 2341, 2539, 6539, 6341, 2581, 2303, 6581, 6303, 866, 4866, 1520, 2576, 6576, 5520, 8404, 1052, 5052, 1643, 5643, 8403, 2763, 3520, 7520, 6763, 694, 1321, 4694, 5321, 209, 4209, 293, 4293, 2139, 3075, 345, 6139, 7075, 4345, 3654, 7654, 8403, 8213, 
8014, 3926, 1583, 5583, 7926, 1942, 5942, 1815, 5815, 1267, 3573, 5267, 1039, 7573, 5039, 1104, 5104, 974, 4974, 680, 4680, 3676, 7676, 8404, 2440, 589, 2566, 6440, 4589, 6566, 2537, 6537, 2968, 6968, 8404, 466, 1813, 4466, 732, 5813, 255, 4732, 4255, 2405, 1556, 6405, 5556, 3611, 7611, 2572, 1338, 6572, 5338, 8405, 3949, 1115, 3125, 7125, 5115, 7949, 8404, 2463, 3092, 7092, 6463, 8405, 3353, 7353, 8405, 3326, 1171, 7326, 1541, 5171, 5541, 1029, 5029, 999, 4999, 8403, 8214, 
8015, 2211, 1147, 6211, 5147, 3530, 3650, 7530, 7650, 2352, 460, 6352, 4460, 585, 49, 4585, 4049, 3180, 292, 7180, 4292, 148, 4148, 1543, 5543, 3037, 796, 4796, 7037, 3119, 7119, 8403, 8215, 
8016, 3027, 7027, 3030, 7030, 2691, 6691, 3931, 7931, 8405, 375, 4375, 2735, 1194, 6735, 5194, 8216, 
8017, 2983, 6983, 681, 2047, 4681, 6047, 1883, 5883, 3355, 2459, 1546, 7355, 6459, 3084, 5546, 7084, 1880, 5880, 1889, 3752, 2268, 7752, 5889, 6268, 3171, 3619, 7171, 7619, 1810, 5810, 2051, 6051, 1678, 5678, 8403, 3263, 2571, 7263, 6571, 3337, 1372, 7337, 628, 4628, 5372, 320, 4320, 381, 4381, 3264, 1416, 5416, 7264, 3024, 2471, 7024, 6471, 2123, 2090, 370, 6123, 6090, 4370, 1161, 190, 4190, 5161, 1422, 1132, 5132, 5422, 3379, 70, 4070, 7379, 2259, 6259, 8403, 2831, 6831, 8403, 8217, 
8018, 8218, 
8019, 2238, 6238, 3962, 1275, 7962, 718, 5275, 3347, 4718, 7347, 2959, 6959, 1040, 5040, 2484, 290, 1913, 4290, 6484, 2662, 5913, 1358, 5358, 6662, 8404, 3742, 2835, 6835, 7742, 530, 789, 4530, 4789, 2365, 3819, 6365, 7819, 1172, 5172, 755, 4755, 1223, 936, 5223, 4936, 1049, 1313, 5049, 1792, 3902, 5313, 2025, 5792, 7902, 1840, 6025, 1288, 5840, 5288, 3485, 2003, 7485, 6003, 3377, 7377, 8405, 1866, 1328, 5866, 5328, 8405, 2154, 6154, 1733, 5733, 8403, 8219, 
8020, 3625, 7625, 2181, 6181, 1957, 1987, 5987, 5957, 3275, 7275, 1130, 5130, 3280, 1390, 7280, 319, 5390, 4319, 3437, 2762, 6762, 7437, 2813, 317, 4317, 6813, 2256, 987, 6256, 3297, 4987, 1718, 7297, 717, 5718, 4717, 1181, 5181, 8405, 3664, 3251, 7251, 7664, 2786, 6786, 1850, 5850, 3191, 7191, 8403, 8220, 
8021, 2202, 2180, 6202, 3945, 6180, 7945, 1403, 5403, 1651, 5651, 2433, 291, 4291, 6433, 2389, 3758, 6389, 7758, 3260, 7260, 8403, 3250, 7250, 3028, 3617, 7028, 7617, 3597, 1139, 5139, 591, 7597, 4591, 3658, 7658, 2990, 1699, 800, 5699, 6990, 881, 4800, 4881, 1048, 5048, 3362, 7362, 3461, 7461, 2998, 2948, 6998, 6948, 768, 4768, 8405, 3546, 7546, 3796, 2700, 7796, 6700, 8405, 3256, 7256, 2876, 3861, 7861, 6876, 518, 2777, 6777, 4518, 8404, 3933, 7933, 3699, 7699, 1045, 5045, 8403, 8221, 
8022, 2617, 2673, 6617, 6673, 2144, 2732, 6144, 6732, 854, 1857, 4854, 5857, 42, 3818, 4042, 7818, 3174, 3602, 7174, 7602, 753, 4753, 1974, 5974, 1217, 5217, 3710, 553, 4553, 7710, 239, 4239, 1875, 2845, 6845, 5875, 1806, 5806, 415, 4415, 1589, 5589, 8404, 3146, 763, 4763, 7146, 982, 4982, 1073, 5073, 1205, 2684, 5205, 6684, 964, 1153, 4964, 5153, 1687, 1447, 5687, 5447, 865, 4865, 540, 4540, 8403, 8222, 
8023, 1753, 5753, 456, 4456, 8404, 3319, 2104, 7319, 6104, 2757, 990, 4990, 6757, 973, 4973, 711, 4711, 8403, 8223, 
8024, 2214, 6214, 3941, 7941, 314, 3317, 7317, 4314, 2468, 6468, 1368, 5368, 137, 4137, 2760, 406, 4406, 6760, 1593, 5593, 1067, 5067, 2540, 6540, 1531, 5531, 3579, 637, 4637, 2394, 7579, 6394, 8404, 2412, 6412, 443, 4443, 247, 4247, 8403, 3667, 3693, 7667, 7693, 2524, 6524, 2014, 6014, 1289, 5289, 2112, 6112, 3218, 444, 7218, 4444, 670, 4670, 3224, 7224, 8403, 8224, 
8025, 3632, 7632, 2127, 1677, 6127, 499, 5677, 15, 4499, 931, 4015, 4931, 3588, 7588, 1102, 5102, 3972, 1146, 7972, 3008, 1156, 5146, 5156, 7008, 3096, 2668, 7096, 6668, 3308, 334, 4334, 7308, 1084, 5084, 127, 3432, 7432, 4127, 2780, 2972, 6780, 284, 6972, 4284, 8405, 3634, 7634, 3398, 271, 7398, 4271, 3014, 1879, 7014, 5879, 8404, 3528, 7528, 8403, 8225, 
8026, 3875, 7875, 2755, 6755, 2069, 2810, 6069, 6810, 3472, 7472, 2904, 2321, 6904, 3349, 6321, 1031, 5031, 7349, 2491, 3595, 3787, 6491, 7595, 7787, 387, 4387, 3484, 7484, 2695, 2622, 6695, 6622, 847, 2599, 4847, 6599, 3776, 2625, 6625, 7776, 652, 215, 4652, 4215, 8403, 8226, 
8027, 2148, 6148, 2618, 6618, 3135, 7135, 158, 4158, 3816, 1293, 7816, 5293, 8403, 8227, 
8028, 1431, 5431, 3087, 7087, 1548, 5548, 8228, 
8029, 3533, 7533, 1164, 5164, 724, 4724, 1830, 5830, 1981, 411, 5981, 4411, 8404, 989, 4989, 3306, 7306, 302, 3884, 7884, 4302, 2362, 1233, 6362, 1209, 5233, 2723, 11, 5209, 6723, 4011, 8404, 2610, 6610, 1258, 646, 1570, 5570, 5258, 4646, 3433, 2752, 7433, 6752, 150, 1956, 5956, 122, 4150, 1872, 5872, 4122, 8405, 3957, 7957, 747, 4747, 8404, 2871, 6871, 8404, 3865, 829, 7865, 4829, 2773, 6773, 412, 4412, 8403, 3839, 1724, 7839, 5724, 3254, 3076, 7076, 3900, 7254, 1965, 7900, 5965, 8229, 
8030, 377, 4377, 74, 4074, 100, 4100, 8230, 
8031, 3666, 7666, 119, 1822, 4119, 5822, 1463, 2218, 5463, 6218, 701, 4701, 3393, 7393, 8405, 434, 4434, 3821, 7821, 3652, 2674, 7652, 6674, 748, 1148, 4748, 3753, 7753, 5148, 8405, 3630, 324, 7630, 4324, 3194, 3350, 7350, 7194, 160, 4160, 926, 3507, 4926, 7507, 1270, 3152, 5270, 7152, 3089, 967, 4967, 7089, 3467, 3321, 7321, 7467, 2411, 6411, 8404, 2704, 6704, 8405, 186, 4186, 8403, 3385, 3067, 1743, 7385, 5743, 7067, 1035, 5035, 1615, 5615, 1726, 5726, 8403, 8231, 
8032, 1771, 5771, 692, 4692, 306, 3843, 3370, 4306, 7843, 7370, 2799, 6799, 2269, 671, 4671, 6269, 8403, 8232, 
8033, 3492, 3721, 7492, 7721, 759, 4759, 1773, 5773, 1215, 5215, 8403, 8233, 
8034, 64, 4064, 1928, 5928, 390, 1335, 5335, 4390, 2271, 2182, 6271, 6182, 1700, 5700, 126, 4126, 8403, 8234, 
8035, 2954, 6954, 2083, 1580, 1828, 6083, 5580, 5828, 1047, 5047, 780, 4780, 1308, 5308, 1878, 5878, 3740, 994, 7740, 4994, 1932, 578, 5932, 4578, 2511, 3677, 7677, 6511, 1478, 5478, 3184, 7184, 8403, 8235, 
8036, 3985, 7985, 2114, 6114, 2298, 1682, 217, 6298, 5682, 4217, 944, 2397, 4944, 2240, 6397, 6240, 2792, 6792, 276, 86, 4276, 4086, 2914, 2371, 6914, 6371, 929, 3934, 7934, 4929, 723, 4723, 8405, 1801, 613, 5801, 4613, 342, 4342, 380, 1528, 5528, 4380, 8404, 1316, 3707, 5316, 7707, 1846, 5846, 1636, 174, 4174, 5636, 8404, 2996, 2080, 6080, 1900, 6996, 5900, 91, 4091, 3783, 7783, 1809, 1462, 5809, 5462, 2293, 6293, 1376, 1366, 5366, 5376, 8404, 3055, 83, 4083, 7055, 3178, 7178, 8403, 8236, 
8037, 3823, 3807, 7807, 7823, 3318, 3841, 7841, 7318, 509, 4509, 1124, 5124, 1149, 5149, 3412, 7412, 3465, 2347, 7465, 6347, 1041, 5041, 8403, 3848, 3922, 7848, 3429, 7429, 7922, 181, 4181, 3810, 7810, 1532, 5532, 1235, 5235, 3514, 7514, 1090, 5090, 1551, 1359, 5551, 5359, 1480, 5480, 491, 4491, 8405, 3402, 2097, 2545, 6097, 7402, 6545, 8404, 2223, 6223, 621, 3722, 7722, 4621, 154, 4154, 1741, 2801, 5741, 851, 4851, 6801, 98, 4098, 1276, 5276, 8403, 8237, 
8038, 1522, 5522, 2167, 1599, 6167, 5599, 1471, 5471, 1620, 5620, 2938, 1415, 5415, 6938, 8403, 8238, 
8039, 1505, 5505, 3099, 1475, 7099, 2401, 5475, 697, 4697, 6401, 1250, 432, 5250, 4432, 3636, 971, 7636, 4971, 379, 4379, 1536, 1314, 5536, 5314, 825, 1617, 2960, 4825, 5617, 6960, 2657, 6657, 1336, 5336, 3426, 7426, 1929, 5929, 8403, 8239, 
8040, 2947, 3211, 232, 6947, 4232, 7211, 798, 1080, 5080, 4798, 1563, 5563, 2360, 5, 333, 6360, 4005, 4333, 249, 1622, 4249, 5622, 849, 4849, 3390, 2149, 7390, 2325, 6149, 6325, 1410, 5410, 1326, 603, 5326, 4603, 2291, 210, 4210, 6291, 8404, 3892, 3969, 7892, 7969, 8404, 3851, 7851, 8405, 3641, 7641, 8403, 8240, 
8041, 8241, 
8042, 8242, 
8043, 2418, 6418, 2028, 3376, 7376, 6028, 1188, 1783, 8, 5188, 5783, 4008, 305, 4305, 309, 2210, 4309, 6210, 3253, 7253, 1071, 1841, 5841, 5071, 243, 4243, 2738, 220, 4220, 1037, 6738, 5037, 836, 2250, 4836, 6250, 1456, 1693, 5456, 5693, 722, 4722, 8403, 8243, 
8044, 2838, 6838, 2946, 6946, 189, 59, 4189, 4059, 363, 4363, 385, 1750, 4385, 5750, 792, 4792, 8403, 8244, 
8045, 593, 4593, 2225, 3815, 329, 6225, 7815, 4329, 2775, 2496, 6775, 3452, 6496, 3712, 7452, 7712, 254, 4254, 1775, 5775, 535, 4535, 1417, 5417, 1025, 201, 5025, 2172, 6172, 4201, 1774, 5774, 2638, 873, 3129, 6638, 4873, 7129, 8405, 107, 4107, 8405, 2464, 6464, 3294, 7294, 8403, 8245, 
8046, 8246, 
8047, 2107, 6107, 579, 1971, 5971, 4579, 3314, 7314, 224, 4224, 8404, 2512, 6512, 2940, 6940, 8405, 1444, 1935, 5444, 5935, 735, 4735, 2255, 6255, 3772, 7772, 211, 2439, 4211, 6439, 1835, 5835, 1339, 2932, 5339, 6932, 2899, 6899, 619, 4619, 1038, 1174, 5174, 5038, 958, 1222, 5222, 4958, 193, 4193, 3500, 447, 4447, 7500, 2956, 350, 715, 6956, 4715, 4350, 3881, 630, 7881, 4630, 3252, 7252, 8405, 3763, 7763, 8403, 2846, 6846, 1776, 20, 4020, 5776, 8403, 8247, 
8048, 3044, 965, 7044, 4965, 139, 1658, 5658, 4139, 2050, 6050, 8405, 3547, 3955, 7547, 360, 7955, 4360, 2779, 2343, 6779, 1206, 6343, 5206, 1371, 5371, 2043, 264, 6043, 4264, 997, 4997, 1466, 140, 4140, 5466, 2939, 6939, 3106, 1568, 5568, 7106, 985, 4985, 8403, 3427, 2881, 6881, 870, 7427, 4870, 489, 4489, 2052, 6052, 3439, 323, 4323, 7439, 785, 4785, 262, 4262, 3015, 7015, 3551, 3295, 7551, 7295, 176, 4176, 1765, 5765, 8404, 2937, 3247, 7247, 6937, 1550, 5550, 1345, 5345, 8248, 
8049, 8249, 
8050, 3358, 7358, 3414, 7414, 8403, 105, 3068, 7068, 4105, 1818, 2219, 5818, 6219, 1285, 3354, 5285, 7354, 1309, 5309, 850, 4850, 1058, 5058, 2479, 6479, 8403, 8250, 
8051, 3981, 2033, 7981, 6033, 3695, 7695, 898, 2552, 4898, 6552, 3105, 7105, 2353, 6353, 8404, 2387, 6387, 3809, 7809, 3081, 1027, 5027, 7081, 3845, 3041, 7041, 7845, 1087, 1362, 5087, 5362, 2623, 568, 4568, 6623, 36, 3397, 4036, 7397, 2856, 2476, 6856, 6476, 3212, 3261, 3701, 7212, 7261, 7701, 8405, 1243, 2359, 5243, 1493, 3291, 6359, 7291, 5493, 8403, 8251, 
8052, 2010, 6010, 85, 4085, 2103, 6103, 1399, 592, 5399, 4592, 2825, 95, 6825, 2318, 4095, 2088, 6318, 6088, 2072, 3303, 6072, 7303, 2235, 6235, 3531, 2485, 7531, 1598, 6485, 5598, 2336, 1388, 5388, 6336, 8404, 3817, 7817, 2542, 200, 3802, 6542, 4200, 7802, 1781, 5781, 2882, 6882, 3122, 7122, 2666, 3878, 6666, 7878, 2261, 6261, 1937, 5937, 3183, 7183, 2744, 6744, 182, 3447, 7447, 4182, 1605, 5605, 8403, 8252, 
8053, 3417, 7417, 2400, 1396, 5396, 6400, 3822, 347, 7822, 3360, 4347, 7360, 438, 4438, 294, 4294, 8403, 8253, 
8054, 2826, 3481, 6826, 7481, 3352, 3012, 7352, 7012, 1571, 1602, 5602, 5571, 855, 4855, 1119, 5119, 733, 1089, 5089, 4733, 8403, 2778, 1587, 3423, 6778, 5587, 7423, 3779, 513, 4513, 7779, 940, 4940, 157, 1346, 4157, 720, 5346, 4720, 1667, 3019, 214, 5667, 7019, 4214, 8403, 8254, 
8055, 3368, 7368, 231, 2667, 4231, 6667, 756, 4756, 1108, 5108, 451, 4451, 1585, 795, 5585, 4795, 8403, 8255, 
8056, 2630, 6630, 2597, 2447, 6597, 6447, 1013, 5013, 2100, 3179, 1731, 6100, 7179, 5731, 486, 4486, 497, 131, 4131, 4497, 1412, 2221, 6221, 5412, 1125, 5125, 586, 1199, 4586, 5199, 1607, 5607, 75, 242, 4075, 4242, 8405, 2189, 3348, 2398, 7348, 6189, 6398, 8403, 8256, 
8057, 2008, 3228, 7228, 6008, 1116, 2736, 5116, 6736, 8405, 1597, 5597, 1657, 515, 4515, 5657, 2153, 3455, 6153, 369, 7455, 4369, 738, 935, 4935, 4738, 3234, 2575, 7234, 2096, 6575, 6096, 3899, 7899, 883, 4883, 561, 2158, 6158, 4561, 1152, 5152, 3450, 2536, 7450, 6536, 8405, 2231, 3409, 6231, 7409, 8405, 2931, 6931, 178, 4178, 1186, 3340, 7340, 5186, 887, 616, 4616, 4887, 1669, 519, 4519, 5669, 2941, 1656, 5656, 6941, 3198, 1004, 7198, 5004, 1477, 459, 4459, 5477, 8404, 2847, 6847, 8403, 8257, 
8058, 928, 4928, 16, 4016, 3371, 462, 145, 7371, 4462, 4145, 1184, 5184, 8258, 
8059, 136, 4136, 8405, 3277, 2815, 7277, 6815, 1473, 5473, 2133, 1933, 5933, 6133, 1257, 5257, 1407, 5407, 8405, 2697, 2163, 6697, 476, 6163, 1524, 4476, 5524, 537, 4537, 1438, 5438, 3947, 7947, 2036, 6036, 728, 2892, 6892, 4728, 3620, 531, 4531, 7620, 1424, 5424, 3166, 3375, 7375, 7166, 8403, 8259, 
8060, 889, 4889, 2739, 6739, 520, 4520, 8405, 1140, 1808, 5808, 5140, 8260, 
8061, 2249, 6249, 3764, 7764, 1834, 1220, 5220, 5834, 3603, 3745, 7603, 3289, 7745, 7289, 1239, 5239, 8403, 8261, 
8062, 2140, 6140, 3209, 7209, 1126, 5126, 660, 4660, 921, 4921, 3733, 2607, 7733, 6607, 3497, 2075, 7497, 6075, 925, 820, 4820, 4925, 2741, 6741, 3639, 1408, 5408, 7639, 2793, 6793, 3864, 7864, 3857, 1414, 5414, 7857, 312, 4312, 427, 3258, 7258, 4427, 311, 4311, 8403, 2866, 6866, 1967, 1469, 5967, 402, 5469, 4402, 1817, 3246, 5817, 1131, 5131, 7246, 2515, 730, 4730, 6515, 8403, 8262, 
8063, 797, 4797, 2922, 6922, 3278, 3504, 7278, 7504, 1679, 5679, 2458, 1625, 1824, 6458, 5625, 5824, 179, 4179, 1182, 5182, 8403, 8263, 
8064, 8264, 
8065, 3814, 2725, 7814, 6725, 3915, 666, 4666, 475, 7915, 4475, 2901, 3726, 6901, 7726, 1093, 5093, 8265, 
8066, 3801, 1829, 7801, 2858, 5829, 2035, 6858, 6035, 3380, 3205, 7380, 7205, 3655, 7655, 1450, 3672, 7672, 5450, 283, 4283, 3242, 2482, 7242, 6482, 852, 4852, 2186, 1433, 5433, 1001, 6186, 5001, 2664, 2769, 776, 6769, 6664, 4776, 8405, 714, 503, 4714, 4503, 8404, 786, 13, 4786, 4013, 1271, 5271, 8403, 1134, 5134, 8266, 
8067, 2379, 6379, 1827, 1645, 2085, 6085, 5827, 5645, 2232, 454, 3286, 6232, 4454, 7286, 945, 3443, 4945, 2569, 7443, 6569, 1428, 5428, 806, 4806, 2306, 6306, 1000, 2488, 5000, 2505, 3834, 6488, 6505, 2013, 7834, 3149, 6013, 7149, 197, 933, 4197, 4933, 1954, 5954, 8403, 3790, 2091, 7790, 6091, 146, 500, 4500, 4146, 8404, 3473, 7473, 841, 4841, 8403, 2783, 2011, 1799, 6783, 6011, 5799, 3774, 819, 4819, 1427, 7774, 5427, 8403, 8267, 
8068, 2493, 3296, 2470, 6493, 7296, 207, 364, 6470, 4207, 4364, 577, 4577, 739, 4739, 315, 4315, 8404, 580, 4580, 1591, 5591, 8405, 3554, 3498, 7554, 7498, 414, 4414, 2018, 1175, 5175, 869, 1441, 6018, 4869, 5441, 1972, 5972, 1179, 118, 3040, 5179, 4118, 7040, 860, 2184, 3670, 6184, 4860, 7670, 1083, 2113, 2993, 5083, 6113, 6993, 597, 4597, 17, 4017, 8404, 772, 4772, 2437, 6437, 2719, 6719, 8404, 2019, 6019, 1280, 5280, 1506, 5506, 2596, 3240, 7240, 6596, 3200, 7200, 8404, 1664, 5664, 8403, 8268, 
8069, 123, 4123, 2228, 6228, 2258, 6258, 2807, 2860, 6807, 6860, 915, 4915, 2173, 2976, 6976, 6173, 1782, 5782, 3859, 3004, 1068, 7859, 5068, 7004, 441, 932, 4441, 4932, 285, 3708, 4285, 3992, 7708, 7992, 8403, 8269, 
8070, 608, 4608, 1249, 5249, 1421, 5421, 3626, 645, 7626, 1901, 5901, 4645, 1137, 386, 4386, 5137, 8403, 8270, 
8071, 2588, 6588, 939, 4939, 8405, 839, 4839, 1729, 2873, 5729, 6873, 2693, 6693, 212, 894, 2710, 4212, 6710, 4894, 2108, 1812, 6108, 5812, 8403, 3556, 3612, 7612, 7556, 801, 4801, 2408, 6408, 3873, 7873, 1606, 226, 5606, 4226, 775, 4775, 3062, 7062, 1196, 5196, 550, 4550, 754, 99, 4099, 4754, 2717, 6717, 2280, 6280, 8404, 265, 2445, 6445, 4265, 8403, 8271, 
8072, 1566, 2084, 6084, 151, 5566, 4151, 2487, 6487, 1329, 3605, 5329, 3281, 57, 7605, 7281, 4057, 26, 4026, 2152, 6152, 3948, 2082, 2620, 7948, 6082, 3070, 6620, 7070, 2601, 1334, 5334, 6601, 8403, 3072, 7072, 2649, 884, 6649, 1096, 4884, 5096, 1659, 5659, 1241, 1251, 5251, 5241, 420, 4420, 2795, 6795, 8404, 599, 52, 4599, 4052, 1706, 5706, 8405, 1154, 2044, 5154, 111, 6044, 4111, 3706, 7706, 8405, 1094, 5094, 478, 4478, 8403, 8272, 
8073, 2022, 6022, 192, 4192, 2499, 2031, 6499, 6031, 39, 4039, 8273, 
8074, 2829, 6829, 3678, 7678, 8403, 3961, 7961, 3988, 7988, 2521, 972, 4972, 6521, 3482, 1385, 5385, 7482, 565, 4565, 1490, 2289, 6289, 5490, 930, 3798, 4930, 68, 4068, 7798, 3827, 7827, 2164, 6164, 8403, 8274, 
8075, 598, 4598, 3300, 7300, 3136, 7136, 1943, 5943, 1079, 5079, 952, 1401, 4952, 5401, 3058, 368, 1282, 4368, 7058, 2017, 5282, 6017, 891, 4891, 8403, 8275, 
8076, 3233, 7233, 2078, 6078, 1291, 3392, 1364, 5291, 7392, 5364, 8276, 
8077, 3563, 7563, 3086, 7086, 183, 1168, 2645, 4183, 5168, 6645, 3854, 3964, 7854, 7964, 1992, 5992, 3541, 7541, 250, 3156, 4250, 7156, 2803, 2467, 6803, 6467, 1242, 5242, 35, 4035, 572, 4572, 120, 2203, 4120, 2038, 6203, 6038, 8403, 8277, 
8078, 2155, 2849, 6849, 6155, 3889, 7889, 2391, 3101, 6391, 7101, 2604, 6604, 1513, 708, 5513, 4708, 1002, 1868, 5002, 5868, 2837, 1948, 1533, 6837, 5948, 5533, 2101, 471, 6101, 4471, 1924, 5924, 1341, 5341, 3480, 3943, 7943, 7480, 1212, 5212, 2183, 388, 1931, 6183, 4388, 5931, 8404, 2428, 2519, 6519, 6428, 8404, 3589, 7589, 455, 4455, 1413, 5413, 8403, 8278, 
8079, 3110, 7110, 1, 4001, 752, 4752, 536, 2869, 4536, 6869, 2390, 6390, 2893, 2788, 3939, 6893, 6788, 7939, 1323, 5323, 569, 4569, 661, 4661, 2438, 6438, 758, 4758, 2098, 6098, 8405, 3046, 3470, 7046, 7470, 508, 1169, 4508, 5169, 8404, 991, 4991, 2586, 286, 4286, 6586, 3090, 7090, 3903, 7903, 8405, 544, 4544, 1538, 5538, 3659, 7659, 8404, 3872, 7872, 8404, 3888, 2086, 6086, 7888, 676, 4676, 576, 4576, 8403, 2435, 6435, 784, 4784, 8403, 8279, 
8080, 2568, 6568, 2509, 353, 130, 4130, 6509, 4353, 2591, 483, 6591, 4483, 3456, 1689, 5689, 7456, 992, 4992, 2356, 6356, 3474, 2761, 7474, 6761, 218, 4218, 665, 4665, 946, 4946, 2146, 6146, 2522, 348, 6522, 4348, 331, 4331, 8403, 8280, 
8081, 2870, 6870, 1811, 1074, 2578, 5811, 5074, 6578, 977, 4977, 8403, 8281, 
8082, 2812, 6812, 3262, 7262, 3339, 2334, 2093, 7339, 6334, 6093, 3391, 3705, 2145, 7391, 7705, 528, 6145, 4528, 663, 2057, 4663, 6057, 913, 4913, 1716, 2383, 6383, 5716, 256, 4256, 770, 1347, 4770, 2787, 5347, 1474, 6787, 5474, 2497, 6497, 1612, 5612, 8403, 8282, 
8083, 2855, 6855, 8404, 38, 2278, 6278, 4038, 3025, 7025, 761, 4761, 457, 4457, 2967, 6967, 8405, 1510, 5510, 815, 1296, 5296, 4815, 1641, 3364, 5641, 7364, 2749, 2655, 6749, 170, 6655, 672, 4170, 4672, 445, 419, 4445, 1230, 4419, 1562, 5230, 5562, 2628, 30, 1305, 6628, 5305, 4030, 1849, 5849, 805, 4805, 8405, 3771, 7771, 2106, 2535, 6106, 6535, 2000, 143, 6000, 4143, 8405, 2012, 6012, 3138, 7138, 8404, 2681, 3168, 6681, 3225, 7168, 7225, 8404, 2729, 2774, 6729, 6774, 8405, 1183, 5183, 8405, 2116, 6116, 8403, 8283, 
8084, 3828, 2199, 7828, 6199, 3382, 7382, 2907, 6907, 3403, 7403, 2926, 1392, 1754, 6926, 359, 5392, 5754, 4359, 2669, 583, 6669, 4583, 1017, 1294, 5017, 5294, 8404, 237, 2065, 6065, 4237, 1958, 5958, 993, 4993, 650, 902, 541, 4541, 4650, 4902, 2322, 899, 4899, 6322, 228, 1218, 4228, 5218, 2833, 6833, 3476, 7476, 8405, 859, 2315, 4859, 2194, 6315, 6194, 3730, 1165, 7730, 5165, 8403, 3436, 2963, 7436, 734, 6963, 4734, 1010, 5010, 8403, 8284, 
8085, 2844, 6844, 2142, 6142, 2111, 6111, 2284, 2699, 6284, 6699, 45, 4045, 2381, 6381, 410, 4410, 2208, 3182, 2675, 6208, 7182, 6675, 867, 4867, 8403, 3739, 2392, 7739, 504, 6392, 4504, 2063, 6063, 448, 4448, 3249, 230, 7249, 4230, 1567, 5567, 1330, 2483, 5330, 6483, 1601, 5601, 1590, 1016, 5016, 5590, 1005, 5005, 1353, 5353, 1051, 5051, 8403, 1845, 5845, 8405, 2934, 2179, 6934, 6179, 1429, 5429, 1482, 5482, 8285, 
8086, 3665, 2349, 2679, 6349, 7665, 1745, 6679, 5745, 463, 3464, 4463, 1521, 5521, 7464, 1674, 1897, 5897, 5674, 8405, 3038, 7038, 2903, 1516, 5516, 6903, 1858, 5858, 8404, 2195, 2676, 6676, 6195, 3003, 2339, 6339, 7003, 3824, 816, 4816, 7824, 3913, 3435, 7435, 7913, 1633, 607, 5633, 4607, 8404, 2348, 3032, 7032, 6348, 8405, 1053, 5053, 1260, 5260, 8404, 3128, 2579, 757, 7128, 6579, 4757, 8405, 2285, 6285, 8404, 2417, 3559, 6417, 3956, 7559, 1923, 7956, 2685, 5923, 6685, 3543, 7543, 900, 4900, 8403, 8286, 
8087, 2730, 1008, 6730, 5008, 552, 4552, 2253, 762, 4762, 6253, 1964, 1150, 5964, 5150, 948, 4948, 2514, 6514, 1317, 3826, 5317, 7826, 774, 2236, 4774, 716, 4716, 6236, 600, 2059, 4600, 3781, 6059, 7781, 8404, 2431, 2980, 6980, 6431, 3565, 7565, 3937, 7937, 3583, 7583, 8405, 3580, 2966, 6966, 7580, 8404, 2237, 3646, 6237, 7646, 8405, 3604, 2839, 7604, 6839, 8404, 3715, 371, 4371, 2117, 7715, 802, 4802, 6117, 8403, 3196, 7196, 1529, 5529, 8403, 8287, 
8088, 2612, 6612, 2393, 6393, 1984, 2814, 5984, 1999, 6814, 5999, 1331, 5331, 2923, 6923, 2740, 6740, 8405, 3778, 7778, 1065, 5065, 2266, 6266, 2518, 1540, 5540, 6518, 156, 2160, 6160, 4156, 2007, 2929, 6929, 6007, 268, 4268, 636, 3775, 7775, 4636, 1749, 103, 1459, 5749, 4103, 5459, 8403, 3267, 3121, 7267, 7121, 339, 3562, 7562, 4339, 8405, 2490, 6490, 3662, 7662, 2477, 3093, 7093, 6477, 647, 4647, 8405, 3681, 7681, 8403, 8288, 
8089, 8289, 
8090, 2324, 6324, 1301, 1736, 5301, 5736, 2978, 2756, 6756, 6978, 668, 2950, 4668, 1654, 5654, 6950, 172, 4172, 1949, 5949, 1676, 3607, 5676, 7607, 8404, 3026, 1259, 7026, 344, 4344, 5259, 979, 4979, 3366, 7366, 3803, 1963, 5963, 7803, 1756, 5756, 8405, 1704, 737, 4737, 5704, 791, 4791, 8404, 2042, 3133, 6042, 7133, 2683, 1623, 6683, 5623, 3965, 7965, 1003, 5003, 743, 4743, 8403, 3877, 7877, 1821, 5821, 409, 4409, 8290, 
8091, 8291, 
8092, 2420, 6420, 3732, 2125, 7732, 809, 4809, 6125, 590, 4590, 3077, 799, 2326, 7077, 4799, 6326, 648, 4648, 8403, 8292, 
8093, 8293, 
8094, 2731, 6731, 2802, 3312, 6802, 301, 7312, 4301, 8294, 
8095, 2396, 6396, 3727, 7727, 3451, 2879, 6879, 7451, 3056, 960, 4960, 7056, 458, 4458, 480, 4480, 8403, 8295, 
8096, 2281, 6281, 3441, 2227, 7441, 6227, 1483, 5483, 643, 4643, 180, 1059, 4180, 5059, 421, 4421, 8403, 8296, 
8097, 8297, 
8098, 3276, 3221, 7221, 3673, 7276, 7673, 2891, 6891, 1170, 1062, 5062, 5170, 2830, 6830, 326, 164, 4164, 3663, 4326, 7663, 1387, 5387, 3924, 2500, 7924, 3162, 6500, 588, 3438, 7162, 4588, 7438, 1244, 5244, 372, 4372, 1735, 5735, 1383, 5383, 18, 4018, 3984, 1295, 7984, 5295, 1012, 5012, 8403, 8298, 
8099, 2120, 112, 6120, 1320, 4112, 5320, 2481, 3808, 7808, 6481, 8403, 2734, 2531, 6734, 6531, 557, 4557, 1962, 3548, 5962, 346, 7548, 4346, 2659, 1742, 6659, 5742, 2378, 6378, 1086, 5086, 501, 4501, 73, 1224, 4073, 700, 5224, 4700, 3704, 7704, 2895, 3737, 7737, 6895, 8404, 3082, 7082, 3515, 7515, 1349, 5349, 1751, 5751, 1675, 5675, 8404, 3330, 3124, 7330, 7124, 1668, 1060, 5668, 3792, 7792, 5060, 2115, 6115, 3936, 3394, 7936, 7394, 8403, 8299, 
8100, 3207, 1425, 7207, 5425, 251, 3035, 4251, 7035, 205, 4205, 943, 4943, 1034, 5034, 611, 4611, 1195, 5195, 322, 4322, 3882, 495, 4495, 7882, 1544, 1564, 5564, 6, 5544, 564, 4564, 4006, 584, 4584, 3137, 7137, 2247, 2992, 6247, 6992, 8405, 2026, 6026, 8403, 8300, 
8101, 1920, 5920, 3686, 1088, 7686, 5088, 8301, 
8102, 3442, 7442, 2584, 6584, 3586, 7586, 3216, 1514, 5514, 7216, 8403, 8302, 
8103, 3920, 7920, 1081, 5081, 2320, 1826, 5826, 6320, 1686, 5686, 8405, 1714, 2928, 6928, 5714, 3723, 7723, 2702, 3309, 2727, 6702, 7309, 6727, 2151, 6151, 1737, 5737, 1502, 2041, 5502, 141, 6041, 4141, 1046, 5046, 3912, 7912, 8403, 3431, 3833, 7431, 7833, 492, 1460, 4492, 5460, 736, 4736, 8404, 3215, 7215, 8405, 1127, 1118, 5127, 5118, 8404, 3895, 7895, 8404, 2198, 1030, 6198, 5030, 8405, 1691, 3615, 5691, 7615, 8403, 3624, 7624, 8403, 3806, 149, 7806, 4149, 2652, 6652, 8403, 8303, 
8104, 3197, 7197, 2816, 2005, 6005, 956, 6816, 4956, 897, 4897, 2878, 6878, 1354, 5354, 300, 4300, 8403, 8304, 
8105, 710, 4710, 408, 2721, 6721, 4408, 1461, 5461, 1263, 1661, 5661, 5263, 2229, 6229, 570, 4570, 2037, 6037, 1789, 874, 5789, 4874, 2614, 2469, 6614, 6469, 2455, 6455, 3894, 7894, 1708, 3582, 7582, 2543, 5708, 3621, 6543, 7621, 8403, 8305, 
8106, 8306, 
8107, 3869, 2260, 6260, 7869, 587, 4587, 1578, 5578, 8405, 562, 1701, 5701, 4562, 3372, 7372, 546, 4546, 37, 4037, 8307, 
8108, 2915, 1103, 1561, 5103, 6915, 5561, 8403, 3744, 7744, 2724, 764, 4764, 2767, 6724, 6767, 3953, 2406, 7953, 2450, 6406, 6450, 3188, 2608, 7188, 6608, 1916, 1178, 669, 5916, 5178, 1281, 4669, 5281, 1340, 5340, 2351, 6351, 2168, 469, 6168, 4469, 3199, 7199, 2651, 1497, 6651, 2595, 5497, 6595, 8403, 8308, 
8109, 2119, 6119, 8405, 2585, 3001, 6585, 7001, 3493, 7493, 3896, 911, 7896, 4911, 168, 4168, 8309, 
8110, 3750, 3488, 7750, 7488, 159, 2165, 4159, 1565, 5565, 6165, 1019, 5019, 3453, 2501, 7453, 6501, 1616, 5616, 487, 29, 4487, 248, 4029, 1225, 4248, 3648, 5225, 2859, 384, 7648, 6859, 4384, 194, 4194, 8403, 961, 2407, 6407, 4961, 8404, 1722, 5722, 2694, 1650, 6694, 259, 5650, 4259, 337, 4337, 1006, 5006, 3361, 1491, 7361, 5491, 8404, 2635, 1896, 6635, 5896, 8405, 559, 3767, 7767, 4559, 8404, 3876, 3995, 308, 7876, 7995, 4308, 8405, 3338, 7338, 8405, 3006, 7006, 2446, 1162, 6446, 5162, 8403, 8310, 
8111, 1191, 5191, 2711, 1370, 1728, 6711, 5370, 5728, 3754, 7754, 1833, 1884, 5884, 5833, 1286, 2413, 5286, 6413, 767, 691, 4767, 4691, 1054, 5054, 97, 4097, 8404, 3535, 3599, 7535, 7599, 549, 803, 1350, 4549, 4803, 2337, 5350, 6337, 171, 4171, 1325, 901, 4901, 5325, 147, 4147, 106, 4106, 8403, 8311, 
8112, 3725, 7725, 3161, 7161, 1097, 1519, 5097, 5519, 2590, 3600, 6590, 7600, 2132, 6132, 8404, 2308, 6308, 2403, 3033, 2510, 6403, 7033, 6510, 3874, 2338, 7874, 6338, 399, 4399, 862, 4862, 2748, 6748, 3975, 7975, 199, 4199, 2327, 6327, 2985, 6985, 8403, 8312, 
8113, 101, 4101, 482, 4482, 842, 3743, 7743, 1886, 4842, 5886, 1107, 5107, 167, 4167, 8403, 8313, 
8114, 2070, 6070, 1703, 2647, 6647, 5703, 7, 4007, 1200, 848, 5200, 1988, 4848, 5988, 1099, 5099, 8405, 3627, 92, 4092, 7627, 1975, 5975, 8403, 3113, 7113, 3177, 3163, 7177, 7163, 678, 4678, 25, 4025, 316, 4316, 3971, 3510, 1028, 7971, 5028, 7510, 1508, 2061, 5508, 6061, 812, 3235, 4812, 7235, 2994, 2004, 6994, 6004, 8404, 3257, 7257, 3736, 3906, 7906, 7736, 8405, 3986, 3042, 7986, 7042, 2137, 6137, 2648, 6648, 8405, 3622, 1681, 7622, 5681, 8403, 8314, 
8115, 8315, 
8116, 2222, 2988, 6222, 6988, 698, 3741, 4698, 3155, 7741, 7155, 129, 1237, 5237, 4129, 2796, 3840, 3331, 7840, 6796, 7331, 3970, 3616, 7970, 7616, 1865, 5865, 629, 4629, 2295, 6295, 1262, 5262, 8404, 3506, 7506, 8403, 3907, 7907, 3227, 7227, 2832, 970, 1269, 6832, 4970, 5269, 2877, 1201, 5201, 6877, 1876, 3428, 5876, 7428, 3719, 7719, 8403, 3694, 7694, 2265, 684, 6265, 4684, 8404, 1185, 5185, 8405, 3343, 7343, 8403, 3552, 7552, 3638, 7638, 3047, 7047, 8403, 8316, 
8117, 2745, 740, 6745, 4740, 634, 288, 4288, 3313, 4634, 2209, 980, 7313, 6209, 4980, 3631, 7631, 3966, 2640, 7966, 6640, 2665, 788, 4788, 6665, 1476, 1120, 644, 4644, 5476, 5120, 3691, 7691, 163, 2239, 4163, 6239, 2971, 916, 4916, 808, 6971, 498, 4808, 4498, 539, 4539, 8403, 3217, 7217, 8405, 3335, 2457, 6457, 7335, 391, 3085, 4391, 303, 7085, 4303, 1304, 5304, 2425, 6425, 2573, 2516, 6516, 6573, 8405, 2272, 6272, 3374, 1603, 7374, 566, 4566, 5603, 1449, 5449, 8405, 318, 4318, 907, 4907, 3526, 7526, 8403, 8317, 
8118, 2368, 6368, 3555, 705, 3868, 7555, 3292, 4705, 7868, 7292, 773, 4773, 3127, 2817, 7127, 6817, 3952, 1405, 5405, 7952, 551, 4551, 2121, 6121, 2276, 6276, 3479, 2304, 7479, 880, 6304, 4880, 225, 581, 4581, 4225, 1277, 5277, 3512, 7512, 831, 4831, 8403, 2243, 6243, 2461, 6461, 560, 4560, 8403, 1498, 5498, 2288, 6288, 407, 2791, 6791, 4407, 266, 4266, 8318, 
8119, 3880, 7880, 1588, 1554, 5588, 5554, 3290, 7290, 2404, 6404, 910, 4910, 494, 4494, 771, 4, 4771, 4004, 917, 4917, 845, 4845, 8405, 2936, 1594, 5594, 6936, 1723, 5723, 8403, 2527, 6527, 1989, 376, 5989, 4376, 1436, 5436, 3475, 7475, 8404, 3226, 7226, 2553, 2911, 6553, 6911, 51, 4051, 1348, 5348, 1993, 5993, 1665, 1226, 5226, 5665, 3700, 7700, 2750, 6750, 2737, 6737, 522, 4522, 8404, 2150, 3989, 6150, 1847, 7989, 5847, 8403, 2583, 6583, 8403, 240, 1898, 2331, 6331, 4240, 5898, 8403, 8319, 
8120, 699, 4699, 3532, 2196, 7532, 6196, 1287, 5287, 3680, 198, 7680, 4198, 954, 2782, 6782, 4954, 3782, 7782, 464, 4464, 1180, 5180, 8404, 1393, 5393, 295, 4295, 440, 4440, 2357, 6357, 3363, 3871, 7363, 7871, 3835, 1534, 7835, 5534, 8405, 2885, 6885, 246, 4246, 8403, 8320, 
8121, 2865, 6865, 169, 1764, 4169, 5764, 8405, 620, 4620, 3637, 7637, 1784, 1798, 5784, 5798, 3805, 2215, 7805, 1848, 6215, 5848, 525, 4525, 8403, 8321, 
8122, 8405, 3856, 3298, 7856, 7298, 1793, 5793, 749, 3517, 4749, 7517, 2332, 3202, 6332, 7202, 2473, 1232, 2241, 6473, 5232, 6241, 223, 4223, 60, 3545, 4060, 7545, 1592, 3850, 5592, 1559, 7850, 5559, 1355, 23, 4023, 5355, 89, 4089, 8405, 3950, 2520, 7950, 6520, 3968, 1418, 7968, 5418, 8405, 1575, 3357, 5575, 2626, 7357, 6626, 8404, 3091, 7091, 3159, 1344, 7159, 5344, 8404, 3524, 523, 4523, 7524, 8403, 1155, 5155, 2587, 6587, 1014, 5014, 8403, 8322, 
8123, 1732, 5732, 3568, 3351, 7568, 7351, 2961, 6961, 3825, 1978, 7825, 575, 5978, 4575, 8404, 2364, 3997, 7997, 3946, 6364, 7946, 43, 4043, 88, 4088, 8403, 2016, 6016, 2609, 1117, 6609, 5117, 923, 4923, 2498, 622, 4622, 6498, 8403, 8323, 
8124, 2200, 6200, 3186, 2508, 7186, 6508, 1100, 2156, 6156, 5100, 340, 4340, 1738, 5738, 1382, 5382, 1673, 3885, 5673, 7885, 1796, 5796, 3618, 1959, 5959, 7618, 3304, 7304, 3496, 474, 7496, 4474, 110, 4110, 3112, 3777, 7777, 7112, 8404, 2071, 1452, 5452, 378, 6071, 4378, 8403, 8324, 
8125, 2523, 6523, 19, 502, 4019, 4502, 1007, 117, 3214, 4117, 5007, 2570, 7214, 6570, 2852, 6852, 1569, 3283, 5569, 704, 4704, 7283, 3305, 3310, 7305, 7310, 1234, 5234, 1135, 1310, 5135, 835, 4835, 5310, 1327, 871, 5327, 4871, 3311, 1055, 7311, 5055, 8404, 3109, 3720, 2270, 7109, 7720, 6270, 1895, 5895, 8405, 227, 4227, 8325, 
8126, 8326, 
8127, 3144, 3731, 7144, 7731, 1604, 341, 4341, 5604, 1690, 5690, 270, 3448, 4270, 7448, 296, 903, 82, 4082, 4903, 4296, 1420, 142, 5420, 4142, 813, 1779, 5779, 4813, 3503, 7503, 1111, 5111, 3231, 7231, 1264, 5264, 1075, 3462, 5075, 7462, 3973, 3265, 7265, 7973, 8405, 3674, 1618, 7674, 3684, 5618, 7684, 2690, 3629, 6690, 7629, 1332, 5332, 1582, 5582, 837, 4837, 8403, 9, 3143, 7143, 574, 4009, 4574, 8327, 
8128, 2754, 6754, 2919, 6919, 2192, 6192, 2122, 3527, 6122, 2875, 1672, 7527, 5672, 6875, 3346, 7346, 778, 4778, 1823, 5823, 2230, 2157, 2874, 6230, 6157, 6874, 3139, 3395, 7139, 7395, 1746, 2201, 5746, 6201, 241, 4241, 719, 4719, 1278, 5278, 8403, 8328, 
8129, 2902, 6902, 1121, 5121, 968, 4968, 484, 2900, 6900, 4484, 3020, 7020, 473, 1671, 4473, 3460, 5671, 2613, 7460, 2776, 6613, 6776, 2267, 6267, 1214, 5214, 8403, 3830, 1228, 5228, 7830, 2909, 6909, 2311, 188, 2006, 4188, 6311, 6006, 8403, 3757, 7757, 1831, 436, 5831, 709, 4436, 554, 4709, 4554, 357, 4357, 1766, 3230, 5766, 7230, 3696, 1213, 5213, 7696, 1333, 5333, 132, 4132, 1254, 5254, 3229, 7229, 3651, 393, 7651, 4393, 8404, 1890, 403, 4403, 5890, 338, 4338, 8403, 8329, 
8130, 853, 4853, 688, 4688, 1395, 5395, 602, 4602, 1940, 2538, 5940, 6538, 8403, 8330, 
8131, 2642, 3415, 6642, 7415, 3491, 512, 4512, 7491, 90, 4090, 1455, 3007, 5455, 3440, 7007, 7440, 2424, 6424, 3073, 3789, 7073, 7789, 8403, 3837, 7837, 3761, 1772, 7761, 2897, 5772, 3511, 6897, 7511, 1098, 5098, 777, 113, 4777, 4113, 1378, 3738, 5378, 7738, 846, 1069, 5069, 2896, 4846, 6896, 1439, 5439, 3858, 425, 7858, 4425, 3560, 976, 4976, 7560, 8405, 1229, 206, 3010, 5229, 4206, 7010, 8404, 1892, 5892, 2654, 6654, 3107, 7107, 8403, 8331, 
8132, 804, 4804, 79, 4079, 2955, 175, 6955, 4175, 595, 4595, 623, 4623, 2410, 6410, 1579, 834, 4834, 5579, 8403, 8332, 
8133, 2949, 6949, 2828, 6828, 3022, 7022, 166, 4166, 1448, 3245, 1851, 5851, 5448, 7245, 1109, 5109, 3422, 7422, 8403, 8333, 
8134, 144, 4144, 3794, 7794, 54, 4054, 8404, 401, 4401, 2335, 3502, 6335, 7502, 116, 4116, 8334, 
8135, 8335, 
8136, 3341, 3756, 7341, 7756, 3241, 7241, 2927, 6927, 3718, 2504, 7718, 3829, 6504, 7829, 3916, 7916, 2853, 6853, 3336, 2797, 6797, 7336, 3052, 7052, 1216, 2263, 5216, 6263, 1435, 5435, 1777, 5777, 3508, 2064, 2944, 7508, 6064, 6944, 238, 4238, 3079, 3927, 7927, 7079, 8404, 3045, 7045, 8405, 2415, 3633, 6415, 1507, 7633, 5507, 906, 4906, 8403, 2251, 6251, 8405, 65, 184, 4065, 4184, 1877, 5877, 257, 4257, 545, 233, 4545, 4233, 1907, 5907, 8403, 8336, 
8137, 3923, 7923, 2851, 3483, 6851, 7483, 3134, 7134, 2987, 1819, 6987, 5819, 2094, 6094, 8404, 2636, 3206, 6636, 885, 7206, 3049, 4885, 7049, 1499, 2772, 5499, 6772, 878, 2759, 6759, 4878, 2592, 6592, 8404, 78, 4078, 1423, 3288, 5423, 7288, 673, 4673, 3537, 3717, 7537, 7717, 760, 1727, 4760, 5727, 1187, 5187, 1419, 5419, 1253, 5253, 1318, 5318, 8404, 2503, 2995, 6503, 6995, 8405, 3572, 7572, 863, 3522, 4863, 687, 7522, 4687, 2462, 3344, 3570, 7344, 6462, 7570, 8404, 3574, 7574, 8403, 8337, 
8138, 1557, 5557, 1755, 5755, 3668, 7668, 2999, 6999, 1361, 5361, 1056, 5056, 287, 4287, 8403, 8338, 
8139, 8339, 
8140, 3979, 7979, 3702, 7702, 2213, 6213, 8403, 683, 2672, 4683, 6672, 1626, 5626, 1842, 642, 1500, 4642, 5842, 5500, 1273, 124, 5273, 4124, 354, 4354, 1609, 5609, 1955, 5955, 8403, 8340, 
8141, 2643, 6643, 48, 1357, 1631, 4048, 5631, 5357, 21, 395, 4021, 4395, 3239, 3103, 3938, 7239, 7103, 7938, 3284, 3592, 3623, 7623, 7284, 7592, 1574, 5574, 3831, 2244, 6244, 7831, 978, 3577, 4978, 7577, 8405, 470, 2372, 4470, 6372, 742, 4742, 8403, 3593, 1023, 7593, 5023, 362, 567, 4567, 4362, 41, 4041, 2632, 959, 6632, 558, 4959, 4558, 2682, 2532, 6532, 6682, 8403, 2252, 1852, 2076, 5852, 6252, 6076, 1734, 5734, 69, 2049, 4069, 6049, 3724, 7724, 8404, 2913, 6913, 8403, 8341, 
8142, 3974, 7974, 2130, 6130, 3153, 7153, 3855, 1072, 5072, 7855, 3088, 14, 7088, 4014, 3768, 7768, 8404, 1647, 5647, 3458, 7458, 208, 3951, 4208, 7951, 1915, 5915, 612, 651, 4612, 3181, 4651, 7181, 1855, 153, 4153, 662, 5855, 4662, 783, 4783, 632, 4632, 821, 4821, 2600, 6600, 2565, 6565, 8404, 3675, 2562, 6562, 7675, 289, 4289, 8404, 2302, 3734, 7734, 6302, 4000, 8000, 8405, 1189, 5189, 8405, 2770, 6770, 1530, 3760, 5530, 7760, 922, 4922, 1894, 5894, 2969, 6969, 8403, 8342, 
8143, 1236, 5236, 3581, 3140, 7581, 7140, 2095, 6095, 3141, 7141, 2624, 3656, 3534, 6624, 7656, 7534, 746, 4746, 3566, 7566, 8403, 8343, 
8144, 2377, 6377, 606, 4606, 729, 4729, 8405, 3195, 7195, 81, 4081, 2245, 920, 1246, 6245, 5246, 4920, 1173, 5173, 3111, 3921, 7111, 7921, 2376, 2989, 6376, 6989, 367, 4367, 307, 986, 4307, 3558, 4986, 7558, 3697, 7697, 675, 4675, 1443, 605, 5443, 4605, 633, 4633, 2819, 6819, 8404, 3863, 1600, 5600, 7863, 1517, 5517, 8403, 2087, 2680, 1337, 6087, 6680, 5337, 479, 4479, 685, 4685, 1692, 5692, 3999, 1501, 1066, 5501, 7999, 5066, 1624, 5624, 8403, 8344, 
8145, 1400, 5400, 3401, 3060, 7401, 7060, 2129, 963, 6129, 4963, 1279, 3164, 5279, 7164, 2416, 361, 4361, 6416, 426, 4426, 1919, 5919, 8403, 8345, 
8146, 2046, 6046, 446, 4446, 2430, 3424, 3540, 7540, 6430, 7424, 8405, 3405, 7405, 828, 1870, 4828, 5870, 8404, 1560, 5560, 1492, 128, 5492, 4128, 1887, 28, 4028, 5887, 2177, 6177, 2188, 3929, 3118, 6188, 7929, 1020, 7118, 202, 5020, 4202, 3243, 7243, 904, 4904, 1426, 1630, 5426, 5630, 8405, 2703, 2217, 6217, 6703, 8404, 2771, 6771, 8404, 2001, 2517, 6001, 6517, 2977, 6977, 8403, 8346, 
8147, 1759, 5759, 8405, 3759, 3897, 7759, 2689, 6689, 7897, 2212, 477, 6212, 4477, 2627, 6627, 844, 2975, 4844, 6975, 1637, 5637, 71, 2621, 4071, 2766, 6621, 6766, 2166, 442, 6166, 2840, 4442, 6840, 3645, 7645, 1695, 5695, 3910, 927, 7910, 4927, 1705, 5705, 1110, 937, 5110, 4937, 8404, 725, 1893, 4725, 5893, 610, 4610, 8403, 8347, 
8148, 3063, 187, 7063, 4187, 1114, 5114, 8403, 2633, 2301, 6301, 6633, 1761, 1406, 5761, 5406, 298, 2131, 4298, 3751, 6131, 7751, 934, 4934, 1190, 5190, 397, 1968, 5968, 4397, 8403, 3365, 7365, 1518, 3413, 7413, 5518, 506, 4506, 2701, 6701, 3388, 2884, 1717, 7388, 6884, 5717, 8403, 8348, 
8149, 1024, 5024, 1910, 5910, 3799, 7799, 8405, 2009, 6009, 3315, 3766, 7315, 3788, 7766, 1523, 5523, 7788, 2361, 3325, 6361, 7325, 8403, 8349, 
8150, 1177, 5177, 3419, 7419, 8404, 114, 4114, 1440, 5440, 299, 2159, 4299, 811, 6159, 4811, 3609, 2134, 6134, 7609, 833, 1707, 5707, 4833, 8403, 8350, 
8151, 2637, 3071, 7071, 6637, 3838, 1555, 7838, 5555, 667, 4667, 1760, 5760, 2868, 191, 6868, 4191, 8403, 8351, 
8152, 3157, 2805, 7157, 882, 6805, 4882, 2314, 2746, 6314, 2451, 6746, 6451, 2472, 3576, 6472, 3958, 7576, 7958, 2798, 6798, 63, 4063, 822, 1856, 5856, 4822, 1398, 2254, 5398, 6254, 2507, 514, 6507, 4514, 2548, 6548, 3316, 7316, 8404, 2794, 6794, 8404, 3836, 7836, 1133, 2074, 5133, 1985, 6074, 5985, 2582, 6582, 8405, 3494, 7494, 2421, 6421, 3762, 1537, 7762, 5537, 1043, 2020, 5043, 3116, 6020, 7116, 3844, 3172, 2434, 6434, 7172, 7844, 8403, 8352, 
8153, 2367, 6367, 2460, 744, 6460, 4744, 664, 4664, 1342, 5342, 3176, 7176, 3785, 1825, 7785, 1307, 5825, 5307, 8403, 8353, 
8154, 3499, 7499, 2300, 6300, 8354, 
8155, 80, 3960, 4080, 7960, 3780, 3165, 909, 7780, 4909, 7165, 1720, 5720, 1888, 5888, 8403, 3584, 3418, 7584, 7418, 2715, 6715, 8403, 2864, 6864, 2850, 3169, 6850, 7169, 8405, 1996, 5996, 1788, 5788, 721, 4721, 8403, 3269, 2602, 7269, 6602, 1608, 3268, 5608, 631, 7268, 4631, 856, 394, 4394, 3282, 4856, 2634, 6634, 7282, 1794, 325, 5794, 4325, 2363, 6363, 1113, 5113, 2883, 2957, 6957, 6883, 8404, 3501, 7501, 1547, 5547, 8404, 3279, 7279, 72, 4072, 1839, 5839, 8403, 8355, 
8156, 3222, 7222, 3299, 2863, 6863, 7299, 356, 4356, 8356, 
8157, 2162, 713, 6162, 4713, 1832, 5832, 3649, 7649, 279, 790, 4279, 4790, 219, 1862, 4219, 5862, 2366, 6366, 8404, 2207, 6207, 2563, 693, 6563, 4693, 814, 4814, 1208, 601, 5208, 4601, 355, 2886, 4355, 1468, 5468, 6886, 2991, 6991, 2905, 1092, 6905, 5092, 84, 534, 4084, 4534, 1653, 5653, 527, 4527, 138, 4138, 1790, 5790, 1467, 5467, 2275, 2317, 6317, 6275, 8405, 2193, 3466, 3407, 6193, 7466, 7407, 2023, 6023, 8404, 330, 3307, 7307, 4330, 8403, 8357, 
8158, 2319, 6319, 861, 3773, 4861, 7773, 1780, 3100, 5780, 3585, 7100, 7585, 604, 4604, 793, 521, 4521, 4793, 1404, 1033, 5404, 5033, 1628, 5628, 2143, 555, 4555, 6143, 3369, 3800, 3982, 7369, 7800, 7982, 2528, 2526, 6528, 6526, 2688, 6688, 3074, 2718, 7074, 6718, 8405, 1255, 5255, 1836, 261, 4261, 5836, 8404, 3399, 7399, 2329, 6329, 8403, 8358, 
8159, 1018, 3978, 5018, 7978, 2921, 6921, 995, 433, 4995, 4433, 310, 983, 4310, 4983, 1143, 2827, 5143, 1166, 6827, 5166, 3755, 7755, 2713, 6713, 3383, 351, 7383, 4351, 516, 888, 3564, 4516, 4888, 1015, 7564, 5015, 3980, 7980, 8405, 3544, 2804, 7544, 6804, 8404, 3642, 2081, 7642, 1649, 6081, 2603, 5649, 6603, 8405, 2456, 6456, 3170, 826, 4826, 7170, 8404, 823, 3102, 4823, 7102, 8405, 2781, 3901, 6781, 3083, 7901, 7083, 1322, 5322, 8405, 2053, 6053, 1990, 5990, 8403, 8359, 
8160, 2382, 3094, 6382, 3274, 7094, 423, 7274, 1642, 1944, 4423, 5642, 5944, 3130, 3115, 1803, 7130, 7115, 5803, 1284, 5284, 304, 4304, 1976, 405, 3080, 5976, 4405, 7080, 1873, 1770, 5873, 5770, 2355, 6355, 3976, 7976, 2658, 6658, 1899, 5899, 726, 4726, 1627, 5627, 8404, 857, 654, 4857, 365, 4654, 4365, 3095, 1026, 5026, 7095, 8404, 1527, 1158, 5527, 5158, 8404, 1629, 5629, 8405, 2494, 6494, 3804, 7804, 657, 4657, 908, 4908, 3434, 7434, 8404, 102, 2178, 4102, 6178, 8403, 8360, 
8161, 3384, 2513, 7384, 6513, 695, 4695, 2427, 1867, 5867, 6427, 2409, 6409, 8403, 2887, 396, 1843, 6887, 4396, 5843, 951, 1484, 4951, 5484, 258, 4258, 3784, 424, 7784, 4424, 548, 4548, 2943, 6943, 3525, 373, 4373, 7525, 542, 4542, 2974, 6974, 8404, 2945, 2656, 6945, 6656, 2480, 6480, 2340, 6340, 1946, 5946, 3550, 7550, 8404, 2354, 1290, 5290, 6354, 8405, 3048, 510, 7048, 4510, 2555, 6555, 1680, 5680, 8403, 707, 1994, 4707, 5994, 2970, 6970, 8403, 8361, 
8162, 2670, 6670, 58, 4058, 8404, 2048, 3266, 6048, 1697, 7266, 5697, 3883, 7883, 1248, 5248, 2639, 6639, 1640, 5640, 67, 4067, 8405, 2660, 2698, 6660, 1458, 6698, 5458, 1908, 5908, 3175, 7175, 3594, 1022, 741, 5022, 7594, 4741, 1767, 5767, 2705, 1197, 6705, 1553, 5553, 5197, 526, 4526, 3204, 3679, 7679, 2848, 7204, 3449, 7449, 6848, 8403, 3069, 234, 7069, 1430, 5430, 4234, 8403, 8362, 
8163, 2935, 2126, 6126, 6935, 517, 905, 4517, 4905, 108, 4108, 1112, 1584, 5112, 5584, 505, 1495, 4505, 5495, 1384, 5384, 3445, 3193, 7445, 2374, 56, 4056, 7193, 6374, 3185, 3210, 7210, 7185, 236, 4236, 1298, 5298, 794, 2187, 4794, 6187, 2226, 6226, 3849, 1221, 7849, 5221, 8403, 8363, 
8164, 3, 4003, 890, 4890, 2135, 6135, 533, 4533, 280, 4280, 115, 4115, 8403, 8364, 
8165, 8404, 2328, 6328, 886, 3890, 7890, 4886, 1917, 649, 5917, 1247, 4649, 5247, 984, 2836, 6836, 4984, 33, 4033, 8403, 8365, 
8166, 2951, 950, 1785, 6951, 5785, 4950, 8405, 2089, 3793, 6089, 1488, 5488, 7793, 2854, 2768, 6854, 1274, 6768, 5274, 1105, 5105, 8404, 3064, 7064, 2709, 6709, 2206, 3078, 6206, 7078, 2958, 6958, 626, 4626, 3660, 962, 4962, 7660, 532, 4532, 195, 4195, 221, 4221, 8403, 2380, 6380, 3608, 7608, 2443, 2002, 6002, 6443, 2589, 6589, 8403, 3232, 7232, 1268, 5268, 2, 4002, 27, 349, 4027, 4349, 8366, 
8167, 2345, 3748, 7748, 6345, 981, 244, 4244, 2605, 4981, 6605, 3886, 7886, 2942, 6942, 2564, 6564, 918, 2099, 428, 4428, 4918, 6099, 453, 4453, 3769, 7769, 2486, 1204, 6486, 5204, 627, 4627, 3359, 7359, 1434, 5434, 1719, 5719, 966, 1991, 4966, 5991, 3557, 7557, 8405, 2257, 6257, 731, 4731, 2436, 6436, 8405, 2880, 6880, 3333, 3866, 7333, 7866, 2862, 6862, 8403, 2021, 3811, 6021, 7811, 3408, 7408, 872, 1050, 4872, 1882, 5050, 1979, 5979, 5882, 8403, 8367, 
8168, 3151, 563, 366, 7151, 4366, 4563, 2062, 3487, 6062, 468, 7487, 4468, 1683, 5683, 556, 4556, 1300, 5300, 2454, 3237, 6454, 7237, 8403, 8368, 
8169, 3591, 7591, 2216, 6216, 2264, 1950, 6264, 5950, 203, 4203, 1619, 1903, 5619, 5903, 1057, 5057, 3614, 1891, 5891, 7614, 3378, 3728, 696, 7378, 7728, 4696, 3653, 7653, 3671, 2138, 7671, 6138, 358, 4358, 8404, 429, 4429, 2742, 6742, 2040, 1504, 6040, 750, 5504, 4750, 745, 686, 4686, 4745, 3065, 7065, 8405, 3505, 7505, 2546, 6546, 1804, 5804, 3061, 1363, 7061, 5363, 24, 4024, 3977, 2606, 7977, 6606, 435, 4435, 8403, 2981, 3914, 7914, 6981, 93, 4093, 1837, 277, 4277, 5837, 8403, 8369, 
8170, 624, 3097, 4624, 7097, 3142, 7142, 3005, 1712, 5712, 7005, 263, 876, 4876, 4263, 1648, 2857, 5648, 6857, 8403, 8370, 
8171, 1141, 5141, 3685, 7685, 1558, 1207, 5207, 5558, 690, 389, 4690, 4389, 8371, 
8172, 8372, 
8173, 3367, 7367, 2197, 6197, 3043, 7043, 3862, 7862, 949, 4949, 582, 4582, 109, 4109, 1176, 5176, 1904, 641, 5904, 4641, 2191, 712, 6191, 4712, 8403, 8373, 
8174, 2986, 2432, 3518, 6986, 7518, 6432, 682, 4682, 1715, 3389, 5715, 7389, 953, 4953, 8404, 2728, 2234, 6234, 6728, 1525, 2677, 6677, 529, 5525, 4529, 2559, 6559, 1489, 5489, 1009, 5009, 2918, 6918, 1702, 5702, 1299, 104, 5299, 4104, 8404, 76, 2789, 6789, 4076, 8404, 2706, 6706, 3928, 7928, 8404, 1763, 5763, 2841, 2370, 3126, 6370, 6841, 7126, 134, 4134, 8405, 1151, 5151, 511, 4511, 8374, 
8175, 2867, 1319, 6867, 5319, 2534, 6534, 8405, 3714, 3967, 7714, 3320, 7967, 7320, 2136, 1535, 416, 6136, 4416, 5535, 3381, 7381, 3735, 2294, 6294, 7735, 1373, 5373, 3223, 3657, 7657, 7223, 3813, 7813, 3023, 7023, 418, 4418, 2124, 1526, 6124, 5526, 8404, 3059, 3013, 7059, 7013, 3713, 1163, 7713, 252, 5163, 4252, 222, 4222, 3123, 7123, 8403, 2811, 6811, 3117, 7117, 2429, 6429, 524, 3749, 4524, 7749, 392, 4392, 8405, 1960, 5960, 8403, 8375, 
8176, 2274, 6274, 2204, 3898, 7898, 6204, 1757, 5757, 8405, 2297, 2824, 1885, 6297, 6824, 5885, 3628, 7628, 2906, 6906, 278, 2973, 4278, 6973, 1613, 5613, 1128, 5128, 1076, 5076, 3797, 7797, 1311, 5311, 1698, 5698, 677, 4677, 173, 4173, 400, 4400, 8405, 3847, 914, 7847, 4914, 1927, 5927, 2661, 6661, 8404, 2525, 6525, 8404, 3478, 2615, 6615, 7478, 8403, 2650, 6650, 2785, 6785, 8403, 8376, 
8177, 2441, 3192, 6441, 1655, 7192, 5655, 1095, 5095, 2024, 1740, 5740, 6024, 1486, 5486, 1252, 5252, 615, 4615, 2402, 6402, 1402, 3661, 7661, 5402, 2492, 1980, 6492, 5980, 843, 4843, 8405, 2506, 3098, 2823, 6506, 2753, 7098, 6823, 6753, 617, 4617, 1710, 5710, 8403, 3332, 7332, 3457, 2273, 7457, 2453, 6273, 6453, 1938, 46, 4046, 5938, 2323, 6323, 1951, 5951, 343, 4343, 8403, 3919, 3549, 7919, 3601, 7549, 7601, 1854, 5854, 1711, 5711, 8377, 
8178, 2808, 3051, 6808, 1748, 7051, 1539, 5748, 5539, 3998, 2820, 7998, 6820, 1936, 5936, 1545, 5545, 2965, 1713, 6965, 2930, 5713, 1997, 6930, 5997, 2242, 2809, 703, 6242, 6809, 4703, 827, 1859, 4827, 5859, 3190, 7190, 1374, 5374, 8403, 8378, 
8179, 1446, 5446, 8404, 3386, 3879, 7879, 7386, 3490, 7490, 2861, 6861, 912, 4912, 2077, 452, 6077, 4452, 1611, 5611, 8403, 8379, 
8180, 1663, 3942, 7942, 1986, 5663, 5986, 1635, 2233, 5635, 6233, 8403, 2984, 2299, 6984, 6299, 766, 4766, 2058, 6058, 2369, 6369, 8405, 3598, 7598, 1240, 3571, 5240, 1283, 7571, 1941, 5283, 5941, 955, 4955, 1614, 5614, 1688, 5688, 3471, 838, 7471, 4838, 807, 618, 4618, 4807, 213, 4213, 8404, 3987, 7987, 1211, 3887, 7887, 5211, 8405, 3575, 1786, 7575, 5786, 832, 1391, 4832, 5391, 8405, 3513, 2465, 7513, 2560, 6465, 6560, 8404, 2495, 6495, 8404, 2714, 6714, 1970, 5970, 8403, 8380, 
8181, 1202, 2764, 6764, 383, 5202, 4383, 3147, 1596, 5596, 7147, 8405, 2554, 6554, 3536, 896, 4896, 7536, 3994, 1542, 5542, 7994, 1386, 5386, 3302, 7302, 1725, 5725, 8403, 2551, 6551, 8405, 2708, 2045, 6708, 3016, 7016, 6045, 830, 3786, 4830, 765, 7786, 4765, 1769, 1377, 5769, 5377, 3009, 2056, 1572, 6056, 7009, 5572, 1921, 5921, 3203, 332, 4332, 2170, 7203, 1621, 2466, 6170, 5621, 6466, 3053, 1638, 7053, 5638, 840, 1123, 4840, 5123, 2908, 6908, 3523, 7523, 8405, 8381, 
8182, 3208, 2068, 7208, 3729, 7729, 6068, 8405, 1167, 1685, 5167, 5685, 3425, 496, 7425, 4496, 253, 1145, 1464, 5145, 4253, 5464, 413, 3158, 4413, 7158, 8403, 8382, 
8183, 2452, 6452, 1644, 3959, 7959, 5644, 1902, 5902, 3538, 3596, 7596, 7538, 2912, 659, 6912, 4659, 1144, 62, 5144, 4062, 8403, 8383, 
8184, 8404, 2174, 6174, 8404, 2720, 1494, 5494, 6720, 1042, 449, 5042, 4449, 1411, 1816, 5816, 5411, 614, 2598, 6598, 4614, 3373, 3770, 7770, 7373, 1101, 5101, 8404, 1966, 3643, 5966, 7643, 245, 96, 4245, 4096, 2388, 2580, 6388, 6580, 1198, 5198, 8405, 3687, 7687, 689, 2220, 2953, 6220, 6953, 4689, 727, 969, 4969, 4727, 2933, 3669, 7669, 6933, 8403, 3173, 7173, 1496, 5496, 8403, 2305, 1762, 6305, 5762, 8384, 
8185, 3746, 7746, 2952, 6952, 12, 4012, 135, 4135, 1210, 5210, 3640, 7640, 8404, 2358, 6358, 947, 4947, 8404, 1351, 5351, 2997, 2489, 6997, 6489, 3120, 1634, 321, 7120, 5634, 4321, 1744, 161, 4161, 5744, 3991, 7991, 1503, 5503, 431, 609, 4609, 4431, 1758, 5758, 1509, 5509, 2733, 6733, 635, 4635, 3846, 1061, 7846, 5061, 8403, 8385, 
8186, 3273, 7273, 655, 4655, 3692, 382, 7692, 4382, 3018, 1394, 5394, 3287, 7018, 7287, 3606, 3509, 7509, 7606, 2330, 2707, 3187, 6330, 6707, 3328, 7187, 3996, 7328, 7996, 653, 4653, 1934, 5934, 594, 4594, 467, 404, 4404, 4467, 313, 4313, 8404, 1138, 5138, 8404, 47, 61, 4047, 2888, 4061, 2541, 6888, 2629, 6541, 3104, 6629, 7104, 1481, 5481, 8405, 2800, 6800, 3238, 7238, 2644, 6644, 8403, 3644, 7644, 1995, 2806, 5995, 3345, 6806, 3587, 7587, 7345, 8405, 1768, 5768, 8404, 40, 4040, 229, 4229, 3795, 7795, 8403, 8386, 
8187, 2898, 6898, 2502, 6502, 3272, 66, 4066, 7272, 1265, 5265, 481, 2822, 4481, 1159, 5159, 6822, 1549, 1479, 5479, 5549, 1375, 2663, 5375, 639, 6663, 4639, 1064, 3329, 571, 7329, 5064, 4571, 702, 1397, 4702, 5397, 2631, 2316, 6631, 6316, 8404, 2309, 3444, 7444, 6309, 488, 4488, 8404, 858, 4858, 1982, 5982, 8403, 8387, 
8188, 3036, 7036, 3842, 7842, 3932, 3917, 7932, 7917, 133, 4133, 8405, 3404, 7404, 196, 4196, 1595, 5595, 996, 4996, 2765, 6765, 2549, 6549, 8403, 1973, 2147, 5973, 6147, 3285, 2141, 6141, 7285, 2561, 1802, 3682, 6561, 5802, 7682, 1078, 3446, 5078, 7446, 3219, 957, 4957, 7219, 8405, 2910, 3342, 6910, 7342, 3160, 7160, 422, 4422, 988, 4988, 3220, 3469, 7220, 7469, 2032, 6032, 596, 4596, 1203, 5203, 8403, 2344, 2449, 3411, 7411, 6344, 6449, 2246, 6246, 8388, 
8189, 2784, 3114, 1453, 6784, 7114, 5453, 430, 4430, 3709, 7709, 8403, 2842, 6842, 3590, 3853, 7853, 7590, 1874, 1800, 5800, 3356, 7356, 5874, 2442, 6442, 2821, 1036, 1512, 6821, 5036, 5512, 2292, 6292, 8403, 1860, 5860, 2346, 1807, 5807, 6346, 2818, 6818, 679, 4679, 2286, 6286, 1805, 3039, 281, 5805, 4281, 7039, 3716, 7716, 2109, 1306, 6109, 5306, 8403, 818, 1820, 5820, 4818, 22, 4022, 8404, 3990, 185, 7990, 4185, 1381, 5381, 1666, 2190, 5666, 6190, 8403, 8389, 
8190, 3908, 7908, 1576, 5576, 2593, 3983, 6593, 1577, 7983, 1367, 5577, 1977, 5367, 5977, 3031, 7031, 1947, 1302, 5947, 5302, 3711, 7711, 8403, 8390, 
8191, 8391, 
8192, 8392, 
8193, 2743, 2616, 6743, 6616, 2671, 437, 6671, 4437, 8393, 
8194, 1266, 5266, 781, 4781, 8404, 3002, 3334, 7002, 7334, 706, 4706, 1129, 3244, 5129, 7244, 2283, 640, 6283, 4640, 8403, 8394, 
8195, 3561, 3150, 7150, 7561, 2073, 3867, 6073, 7867, 2102, 461, 4461, 6102, 1853, 3613, 5853, 7613, 2889, 6889, 3495, 2687, 7495, 6687, 1160, 3940, 7940, 5160, 2726, 6726, 2758, 3410, 6758, 7410, 1573, 1442, 5442, 5573, 327, 4327, 1632, 5632, 336, 4336, 8403, 998, 4998, 2478, 3145, 6478, 7145, 8404, 2287, 3066, 6287, 3610, 7066, 7610, 8405, 2313, 6313, 895, 4895, 538, 4538, 1660, 1487, 5660, 5487, 8403, 8395, 
8196, 1231, 5231, 1063, 5063, 1409, 5409, 1272, 5272, 3703, 3327, 490, 7327, 7703, 4490, 335, 4335, 8403, 8396, 
8197, 3870, 892, 7870, 4892, 2646, 6646, 3270, 7270, 125, 4125, 1694, 1297, 5694, 5297, 3420, 2686, 6686, 7420, 1953, 5953, 2386, 3852, 1662, 5662, 6386, 7852, 274, 1044, 4274, 5044, 941, 4941, 2015, 6015, 3406, 493, 7406, 4493, 3034, 273, 7034, 4273, 2224, 6224, 8405, 2055, 6055, 3904, 1485, 7904, 5485, 3553, 7553, 893, 4893, 1747, 5747, 1122, 5122, 2128, 2979, 6128, 1797, 6979, 5797, 8403, 8397, 
8198, 2692, 6692, 2342, 3430, 2110, 6342, 7430, 6110, 3930, 2790, 6790, 7930, 8405, 1914, 5914, 975, 4975, 1219, 5219, 1610, 5610, 2079, 3463, 6079, 7463, 868, 4868, 1445, 2716, 3521, 6716, 5445, 7521, 2747, 3791, 1238, 6747, 7791, 5238, 417, 4417, 2039, 6039, 3993, 7993, 8403, 656, 3057, 4656, 7057, 769, 4769, 8403, 8398, 
8199, 2384, 2917, 6384, 1227, 6917, 5227, 3154, 7154, 2557, 6557, 3021, 7021, 2290, 6290, 2448, 2843, 6448, 6843, 751, 1472, 5472, 4751, 1670, 5670, 1470, 5470, 1032, 5032, 8405, 2924, 2310, 6924, 6310, 1011, 5011, 1192, 5192, 942, 4942, 3323, 3108, 7323, 7108, 1983, 1379, 5983, 5379, 8404, 2894, 6894, 1021, 5021, 8405, 3689, 7689, 8399, 
8200, 374, 4374, 2920, 1511, 6920, 5511, 2350, 177, 4177, 6350, 2577, 3167, 7167, 6577, 1142, 543, 4543, 5142, 8404, 1752, 2066, 1451, 5451, 5752, 6066, 864, 4864, 2964, 3132, 7132, 6964, 3322, 674, 4674, 7322, 8403, 8400, 
8201, 3131, 2414, 6414, 7131, 2205, 6205, 275, 3029, 4275, 7029, 2279, 53, 4053, 6279, 3050, 2399, 7050, 6399, 3539, 1961, 5961, 7539, 3454, 7454, 1360, 1787, 5787, 5360, 1912, 5912, 2529, 6529, 1696, 5696, 8403, 8401, 
8202, 8405, 2474, 6474, 2027, 204, 6027, 4204, 8404, 260, 2248, 6248, 4260, 3248, 7248, 1193, 5193, 269, 2312, 6312, 4269, 10, 4010, 165, 4165, 3301, 7301, 3891, 7891, 3201, 7201, 450, 2385, 2547, 4450, 6547, 6385, 3468, 3935, 879, 7468, 7935, 4879, 2834, 6834, 1245, 5245, 1926, 1432, 5926, 5432, 1939, 5939, 8405, 3255, 7255, 2696, 6696, 8404, 3416, 7416, 1077, 924, 4924, 5077, 8405, 3011, 7011, 1906, 94, 4094, 5906, 8405, 2530, 2751, 6530, 6751, 2544, 6544, 3688, 7688, 8403, 8402, 
