167.0 197.83584178286617
170.0 203.9919656159694
238.0 271.1704900777758
387.0 425.74777599569563
530.0 564.296058062564
382.0 418.2962682715975
205.0 248.3650061162194
82.0 111.54993974121784
396.0 430.0202059673234
512.0 552.2778313244866
290.0 313.37776826967206
245.0 276.8957689275563
366.0 397.1260755371813
598.0 638.9869396964411
481.0 510.73539224218325
140.0 170.20343789929566
540.0 575.8905889323185
609.0 634.773750859827
632.0 666.642743220331
115.0 152.6723902260014
25.0 53.346571854419885
476.0 510.59108411024476
109.0 139.78865995058877
275.0 306.9830165552844
616.0 648.8684673268378
585.0 623.2115019334171
292.0 329.20222698458076
94.0 132.7262252192161
505.0 538.5886361463671
57.0 93.61457061326017
537.0 552.0
450.0 465.0
443.0 458.0
400.0 415.0
591.0 606.0
546.0 561.0
596.0 611.0
75.0 90.0
233.0 248.0
16.0 31.0
570.0 585.0
365.0 380.0
134.0 149.0
405.0 420.0
246.0 261.0
561.0 576.0
408.0 423.0
512.0 527.0
142.0 157.0
556.0 571.0
347.0 362.0
55.0 70.0
355.0 370.0
160.0 175.0
226.0 241.0
235.0 250.0
176.0 191.0
564.0 579.0
239.0 254.0
349.0 364.0
200.0 215.0
203.0 218.0
271.0 286.0
420.0 435.0
563.0 578.0
415.0 430.0
238.0 253.0
115.0 130.0
429.0 444.0
545.0 560.0
323.0 338.0
278.0 293.0
399.0 414.0
631.0 646.0
514.0 529.0
173.0 188.0
573.0 588.0
642.0 657.0
665.0 680.0
148.0 163.0
58.0 73.0
509.0 524.0
142.0 157.0
308.0 323.0
649.0 664.0
618.0 633.0
325.0 340.0
127.0 142.0
538.0 553.0
90.0 105.0
546.4426995894578 585.0
464.2212304583767 498.0
459.8379133181271 491.0
408.27126445931145 448.0
613.3980321166865 639.0
554.9259888626287 594.0
609.3276302218853 644.0
95.38308387484798 123.0
251.96484951385386 281.0
26.26468615977318 64.0
590.7950629670142 618.0
376.54141352470424 413.0
156.14498143117407 182.0
422.5111500922566 453.0
258.28199558284746 294.0
579.6273109970973 609.0
419.9978189579475 456.0
526.0193188990971 560.0
163.45390053620102 190.0
573.0638329412717 604.0
364.3955711592142 395.0
60.402136548991336 103.0
361.368594514037 403.0
170.59128164409674 208.0
241.0681316283839 274.0
242.36020240355882 283.0
185.07061545479533 224.0
576.7636501883261 612.0
255.40829702087478 287.0
358.5288505879672 397.0
0.0 720.0
0.0 720.0
0.0 720.0
0.0 720.0
0.0 720.0
0.0 720.0
0.0 720.0
0.0 720.0
0.0 720.0
0.0 720.0
0.0 720.0
0.0 720.0
0.0 720.0
5.656854249492381 714.3431457505076
5.656854249492381 714.3431457505076
