65.0 104.20032026746304
201.0 236.45566298792838
44.0 78.52950335466363
328.0 371.7391962880765
71.0 107.9129953011019
269.0 304.18850098099176
423.0 450.5735738029853
163.0 201.14113063253134
78.0 105.91084250174983
411.0 450.4522817302967
120.0 154.16364849222765
115.0 146.37423778278807
315.0 345.55982541656783
238.0 267.6479767457185
102.0 140.04284986506687
160.0 195.29319738533846
213.0 253.47491734882112
381.0 413.5466137536813
192.0 224.99729659618302
331.0 362.88051277678886
385.0 423.38552798781336
273.0 305.3982208795742
352.0 392.5501941615392
225.0 261.30197671881706
224.0 239.0
89.0 104.0
253.0 268.0
65.0 80.0
36.0 51.0
246.0 261.0
204.0 219.0
382.0 397.0
216.0 231.0
36.0 51.0
338.0 353.0
204.0 219.0
286.0 301.0
165.0 180.0
149.0 164.0
173.0 188.0
294.0 309.0
203.0 218.0
261.0 276.0
125.0 140.0
415.0 430.0
163.0 178.0
364.0 379.0
234.0 249.0
98.0 113.0
234.0 249.0
77.0 92.0
361.0 376.0
104.0 119.0
302.0 317.0
456.0 471.0
196.0 211.0
111.0 126.0
444.0 459.0
153.0 168.0
148.0 163.0
348.0 363.0
271.0 286.0
135.0 150.0
193.0 208.0
246.0 261.0
414.0 429.0
225.0 240.0
364.0 379.0
418.0 433.0
306.0 321.0
385.0 400.0
258.0 273.0
237.34567735820136 272.0
93.92863500953395 137.0
266.5802329842022 301.0
76.88600360116965 113.0
56.404601000884796 84.0
257.51831115890934 294.0
219.19735135183043 252.0
405.9645635537685 430.0
225.46632275717815 264.0
47.457185406504934 84.0
351.91376012197446 386.0
216.82371019523683 252.0
294.7132311348308 334.0
179.16151692199585 213.0
165.94662844561367 197.0
179.9644915184674 221.0
305.90606450684027 342.0
223.8879349562771 251.0
270.6866410102532 309.0
141.62517618234716 173.0
424.6142365394655 463.0
179.32102086928776 211.0
378.9489776968576 412.0
245.77430088383113 282.0
0.0 480.0
0.0 480.0
0.0 480.0
0.0 480.0
0.0 480.0
0.0 480.0
0.0 480.0
0.0 480.0
0.0 480.0
0.0 480.0
0.0 480.0
0.0 480.0
0.0 480.0
0.0 480.0
0.0 480.0
5.656854249492381 474.34314575050763
5.656854249492381 474.34314575050763
