141.0 174.68770986935007
134.0 169.15449046519177
497.0 538.2573574843434
92.0 129.01267547923587
258.0 297.6376385798792
388.0 420.2047676847976
98.0 126.01413596545646
115.0 156.95855396233964
13.0 42.11784432137753
340.0 376.1040435028042
98.0 124.29835702404732
39.0 72.6625356450395
494.0 523.4431924547483
78.0 112.99177088591593
232.0 255.60640147146813
92.0 124.79541586124296
380.0 410.5550311526816
114.0 146.86918448743037
324.0 366.89351738673207
36.0 61.09035407145572
508.0 529.6523875096403
148.0 183.40281348519267
157.0 191.84788174812763
482.0 518.1082253177445
467.0 509.7477509018761
206.0 235.97309792405633
78.0 107.58504982168284
318.0 352.1082264988662
192.0 224.85852430715278
322.0 344.6688994897251
310.0 325.0
445.0 460.0
129.0 144.0
468.0 483.0
461.0 476.0
478.0 493.0
323.0 338.0
55.0 70.0
405.0 420.0
188.0 203.0
407.0 422.0
500.0 515.0
294.0 309.0
516.0 531.0
91.0 106.0
361.0 376.0
111.0 126.0
470.0 485.0
36.0 51.0
221.0 236.0
82.0 97.0
283.0 298.0
138.0 153.0
295.0 310.0
31.0 46.0
98.0 113.0
12.0 27.0
44.0 59.0
468.0 483.0
4.0 19.0
174.0 189.0
167.0 182.0
530.0 545.0
125.0 140.0
291.0 306.0
421.0 436.0
131.0 146.0
148.0 163.0
46.0 61.0
373.0 388.0
131.0 146.0
72.0 87.0
527.0 542.0
111.0 126.0
265.0 280.0
125.0 140.0
413.0 428.0
147.0 162.0
357.0 372.0
69.0 84.0
541.0 556.0
181.0 196.0
190.0 205.0
515.0 530.0
500.0 515.0
239.0 254.0
111.0 126.0
351.0 366.0
225.0 240.0
355.0 370.0
315.64916911502456 358.0
458.891892213936 493.0
143.69543098821075 177.0
485.81919458000334 516.0
476.84400735751893 509.0
482.6052442181799 526.0
340.8746791562037 371.0
67.04389849567099 103.0
414.2260929161072 453.0
198.84444172647105 236.0
421.85370427334846 455.0
507.0592277590695 548.0
310.2969437465908 342.0
531.6866935802832 564.0
104.86892197966293 139.0
368.95980100407263 409.0
121.02452767095411 159.0
490.95665185940857 518.0
55.891765804675366 84.0
241.33921716802695 269.0
95.29763142669225 130.0
298.54558480103657 331.0
155.55292410479763 186.0
309.07212400580846 343.0
41.235924889051844 79.0
110.74550629777643 146.0
18.531519786154398 60.0
60.45380615290706 92.0
479.2826803028971 516.0
22.39042419818245 52.0
0.0 600.0
0.0 600.0
0.0 600.0
0.0 600.0
0.0 600.0
0.0 600.0
0.0 600.0
0.0 600.0
0.0 600.0
0.0 600.0
0.0 600.0
0.0 600.0
0.0 600.0
0.0 600.0
0.0 600.0
5.656854249492381 594.3431457505076
5.656854249492381 594.3431457505076
