89.0 131.2987632462148
451.0 479.5953667215631
179.0 219.24335244105683
607.0 647.150182993143
580.0 609.1560603068555
360.0 393.33732706451906
191.0 223.2123229240022
507.0 547.7309067707533
533.0 574.6601848853567
156.0 183.89730664485853
239.0 270.8808449967233
577.0 612.3807026763906
337.0 366.9694453861476
359.0 388.59224153226694
638.0 678.3509463328544
540.0 574.5098250729552
579.0 606.977080362053
442.0 473.1151048617571
40.0 64.08719432978923
118.0 156.29943987415976
205.0 245.68199942102828
447.0 476.3075431496531
53.0 79.08967961667491
76.0 112.80594428869317
235.0 267.90616169282885
388.0 429.4297198989435
236.0 257.55057557209557
565.0 606.4325863710526
281.0 312.24148085730155
290.0 312.51862548686137
519.0 544.0514188474468
166.0 194.3669153492204
399.0 433.0561549261697
238.0 275.5693937663203
101.0 145.72079398287286
641.0 672.2911457444468
268.0 283.0
138.0 153.0
265.0 280.0
40.0 55.0
368.0 383.0
333.0 348.0
461.0 476.0
439.0 454.0
154.0 169.0
418.0 433.0
127.0 142.0
50.0 65.0
561.0 576.0
528.0 543.0
519.0 534.0
321.0 336.0
619.0 634.0
537.0 552.0
55.0 70.0
104.0 119.0
643.0 658.0
393.0 408.0
70.0 85.0
522.0 537.0
60.0 75.0
136.0 151.0
294.0 309.0
271.0 286.0
569.0 584.0
167.0 182.0
644.0 659.0
428.0 443.0
473.0 488.0
190.0 205.0
606.0 621.0
575.0 590.0
122.0 137.0
484.0 499.0
212.0 227.0
640.0 655.0
613.0 628.0
393.0 408.0
224.0 239.0
540.0 555.0
566.0 581.0
189.0 204.0
272.0 287.0
610.0 625.0
370.0 385.0
392.0 407.0
671.0 686.0
573.0 588.0
612.0 627.0
475.0 490.0
73.0 88.0
151.0 166.0
238.0 253.0
480.0 495.0
86.0 101.0
109.0 124.0
268.0 283.0
421.0 436.0
269.0 284.0
598.0 613.0
314.0 329.0
323.0 338.0
552.0 567.0
199.0 214.0
432.0 447.0
271.0 286.0
134.0 149.0
674.0 689.0
285.64252505546773 316.0
155.04649895881533 186.0
273.1326945165283 313.0
46.89975178697311 88.0
378.40859095915005 416.0
349.84756224033674 381.0
471.76385709554216 509.0
444.85361963127536 487.0
163.13068226219562 202.0
430.8319945077283 466.0
136.35564882604444 175.0
59.156393912023496 98.0
575.071943144724 609.0
542.6423926235117 576.0
531.3088771610759 567.0
329.04055800482445 369.0
626.7393191494137 667.0
541.9837351133657 585.0
62.83149438579825 103.0
124.7012871000953 152.0
650.7912680993658 691.0
406.2978718675268 441.0
76.09616537026045 118.0
535.1185805328613 570.0
77.0640739474734 108.0
140.36927900736117 184.0
308.9581253547536 342.0
275.82085309676535 319.0
585.308137134851 617.0
185.59561621097416 215.0
653.1107480720449 692.0
441.96694601974497 476.0
492.77609683448446 521.0
200.5863670488581 238.0
628.6738052242061 654.0
597.0719027891818 623.0
0.0 720.0
0.0 720.0
0.0 720.0
0.0 720.0
0.0 720.0
0.0 720.0
0.0 720.0
0.0 720.0
0.0 720.0
0.0 720.0
0.0 720.0
0.0 720.0
0.0 720.0
0.0 720.0
0.0 720.0
5.656854249492381 714.3431457505076
5.656854249492381 714.3431457505076
