309.0 335.4415344923132
268.0 305.8074594196487
41.0 78.88846120730541
295.0 330.5356147056452
98.0 132.78349413938406
336.0 369.0110975898542
222.0 253.00203950569943
128.0 160.164774953278
99.0 131.8237187532482
411.0 449.86990889137854
23.0 60.28205072574327
420.0 451.4472443761425
215.0 246.8048935964881
174.0 194.51336397134142
42.0 80.93554058468523
230.0 269.4868731195446
399.0 439.0273978642968
98.0 134.99053828275584
420.0 448.1178100946589
411.0 437.51423098705385
315.0 355.7876494685271
290.0 314.2303807208702
254.0 290.21131995121
351.0 377.0936841769741
366.0 397.0275639203466
267.0 304.48975033703937
257.0 296.28793618733124
304.0 345.93111811892345
398.0 413.0
70.0 85.0
404.0 419.0
233.0 248.0
315.0 330.0
287.0 302.0
196.0 211.0
141.0 156.0
100.0 115.0
11.0 26.0
198.0 213.0
62.0 77.0
92.0 107.0
279.0 294.0
125.0 140.0
85.0 100.0
12.0 27.0
112.0 127.0
214.0 229.0
13.0 28.0
106.0 121.0
1.0 16.0
260.0 275.0
148.0 163.0
234.0 249.0
267.0 282.0
17.0 32.0
25.0 40.0
342.0 357.0
301.0 316.0
74.0 89.0
328.0 343.0
131.0 146.0
369.0 384.0
255.0 270.0
161.0 176.0
132.0 147.0
444.0 459.0
56.0 71.0
453.0 468.0
248.0 263.0
207.0 222.0
75.0 90.0
263.0 278.0
432.0 447.0
131.0 146.0
453.0 468.0
444.0 459.0
348.0 363.0
323.0 338.0
287.0 302.0
384.0 399.0
399.0 414.0
300.0 315.0
290.0 305.0
337.0 352.0
414.30404870706656 446.0
80.47288712613806 118.0
416.22016746051827 452.0
255.23839291624952 281.0
330.44525323165425 363.0
305.98111776441186 335.0
201.71466038391546 244.0
149.4421731872479 189.0
118.41127327640388 148.0
21.394592213232585 59.0
209.81235609811588 246.0
75.33656422608595 110.0
100.20168328524527 140.0
299.97059559391397 327.0
132.46534578728233 173.0
97.13839663179488 133.0
27.660232620295723 60.0
121.31117936680617 160.0
227.45167474618302 262.0
18.256310705554533 61.0
126.23375249329061 154.0
23.47438741013437 49.0
270.6952001273521 308.0
154.54551491323897 196.0
246.00968573258803 282.0
284.46894457104594 315.0
22.61061621078243 65.0
42.20083884846244 73.0
0.0 480.0
0.0 480.0
0.0 480.0
0.0 480.0
0.0 480.0
0.0 480.0
0.0 480.0
0.0 480.0
0.0 480.0
0.0 480.0
0.0 480.0
0.0 480.0
0.0 480.0
0.0 480.0
0.0 480.0
0.0 480.0
0.0 480.0
5.656854249492381 474.34314575050763
5.656854249492381 474.34314575050763
