61.0 86.53767205599495
43.0 68.14426045194992
518.0 541.69260323268
518.0 554.299567539484
82.0 123.45079938577713
352.0 380.9874671272781
359.0 402.81327298842575
491.0 524.4871768883562
41.0 66.32233931586379
359.0 388.7455658577579
193.0 229.72513722168156
235.0 270.9919190722996
441.0 477.60031756552667
52.0 80.68200597499803
250.0 283.93763271266045
122.0 151.5081849675385
410.0 442.02884056839946
284.0 312.2395989904776
403.0 434.47329604079397
28.0 64.98876757296357
147.0 177.76708304668364
320.0 350.40480490024197
486.0 522.5779013304284
270.0 303.74692162117407
119.0 155.91743202936095
46.0 78.93942335541124
339.0 373.8995283278453
438.0 478.53800974900213
123.0 163.33884949824616
286.0 318.0595520556667
120.0 149.71148113779495
185.0 228.94445274857068
400.0 441.56869354326955
392.0 429.96030078767564
92.0 121.56804143992085
104.0 119.0
410.0 425.0
181.0 196.0
217.0 232.0
246.0 261.0
285.0 300.0
155.0 170.0
85.0 100.0
162.0 177.0
418.0 433.0
475.0 490.0
20.0 35.0
288.0 303.0
537.0 552.0
6.0 21.0
19.0 34.0
413.0 428.0
400.0 415.0
515.0 530.0
475.0 490.0
215.0 230.0
270.0 285.0
230.0 245.0
414.0 429.0
391.0 406.0
167.0 182.0
388.0 403.0
275.0 290.0
111.0 126.0
405.0 420.0
266.0 281.0
7.0 22.0
291.0 306.0
206.0 221.0
277.0 292.0
94.0 109.0
76.0 91.0
551.0 566.0
551.0 566.0
115.0 130.0
385.0 400.0
392.0 407.0
524.0 539.0
74.0 89.0
392.0 407.0
226.0 241.0
268.0 283.0
474.0 489.0
85.0 100.0
283.0 298.0
155.0 170.0
443.0 458.0
317.0 332.0
436.0 451.0
61.0 76.0
180.0 195.0
353.0 368.0
519.0 534.0
303.0 318.0
152.0 167.0
79.0 94.0
372.0 387.0
471.0 486.0
156.0 171.0
319.0 334.0
153.0 168.0
218.0 233.0
433.0 448.0
425.0 440.0
125.0 140.0
125.89219907792632 152.0
425.88584913771695 458.0
191.66103158850035 229.0
230.44291477509992 265.0
253.08224472563808 294.0
301.0063757057837 333.0
170.38087961333926 203.0
96.0066940118878 133.0
183.60011188138395 210.0
429.59975726401626 466.0
491.76877296639026 523.0
32.309082715284035 68.0
300.22388426857145 336.0
548.6981350299935 585.0
15.040527294864248 54.0
31.512781559565006 67.0
427.54050523157457 461.0
406.4455400157305 448.0
529.2500108888836 563.0
491.65621517844534 523.0
223.17732218429566 263.0
292.28603829198727 318.0
243.2599351362472 278.0
422.52441897397364 462.0
399.0162201905419 439.0
182.68204293479565 215.0
397.2417178725091 436.0
285.2956678926607 323.0
121.05577550663284 159.0
412.0143216114308 453.0
283.11968062669973 314.0
25.587815754620657 55.0
302.8699729424616 339.0
216.022206562043 254.0
288.9150920354195 325.0
0.0 600.0
0.0 600.0
0.0 600.0
0.0 600.0
0.0 600.0
0.0 600.0
0.0 600.0
0.0 600.0
0.0 600.0
0.0 600.0
0.0 600.0
0.0 600.0
0.0 600.0
0.0 600.0
0.0 600.0
0.0 600.0
0.0 600.0
5.656854249492381 594.3431457505076
5.656854249492381 594.3431457505076
