520.0 563.4361963038796
504.0 545.3438148296345
516.0 556.8487451294819
456.0 495.7315963518348
483.0 522.2960206872746
274.0 309.49567335367726
48.0 85.44379268415695
186.0 219.3863101040195
264.0 306.8284563094425
358.0 391.7768231770144
280.0 320.09779151810125
70.0 98.04505263942114
278.0 310.19793985328926
305.0 334.5231899927666
224.0 257.2471051651093
154.0 178.36252445186184
94.0 129.16970620988366
168.0 210.6478212227809
542.0 575.1194793885116
622.0 654.6552676011182
560.0 586.9701745710059
597.0 626.9280055069012
431.0 462.5224573085447
189.0 227.8853051588816
158.0 186.3758357503302
264.0 304.41216020332007
293.0 321.8442399126503
242.0 271.48562147554725
437.0 469.98721160595926
258.0 290.27476031659916
87.0 129.8327099871037
530.0 565.0905100030325
576.0 607.8848282893437
632.0 663.6271308613298
28.0 61.83500716525084
336.0 369.50830452021984
615.0 644.8902222385635
50.0 90.15632938774735
168.0 197.67572840230244
246.0 275.1133765387355
413.0 455.5445847601678
390.0 413.6751338339487
290.0 305.0
27.0 42.0
340.0 355.0
218.0 233.0
98.0 113.0
359.0 374.0
43.0 58.0
256.0 271.0
635.0 650.0
195.0 210.0
417.0 432.0
193.0 208.0
117.0 132.0
514.0 529.0
143.0 158.0
83.0 98.0
392.0 407.0
58.0 73.0
254.0 269.0
332.0 347.0
465.0 480.0
625.0 640.0
8.0 23.0
343.0 358.0
580.0 595.0
168.0 183.0
264.0 279.0
479.0 494.0
504.0 519.0
480.0 495.0
529.0 544.0
481.0 496.0
455.0 470.0
77.0 92.0
533.0 548.0
350.0 365.0
53.0 68.0
601.0 616.0
137.0 152.0
459.0 474.0
189.0 204.0
162.0 177.0
553.0 568.0
537.0 552.0
549.0 564.0
489.0 504.0
516.0 531.0
307.0 322.0
81.0 96.0
219.0 234.0
297.0 312.0
391.0 406.0
313.0 328.0
103.0 118.0
311.0 326.0
338.0 353.0
257.0 272.0
187.0 202.0
127.0 142.0
201.0 216.0
575.0 590.0
655.0 670.0
593.0 608.0
630.0 645.0
464.0 479.0
222.0 237.0
191.0 206.0
297.0 312.0
326.0 341.0
275.0 290.0
470.0 485.0
291.0 306.0
120.0 135.0
563.0 578.0
609.0 624.0
665.0 680.0
61.0 76.0
369.0 384.0
648.0 663.0
83.0 98.0
201.0 216.0
279.0 294.0
446.0 461.0
423.0 438.0
301.87473655947036 338.0
34.23667853394614 75.0
355.6994201836147 388.0
238.91114739484883 266.0
105.05669545319833 146.0
381.23326420553724 407.0
62.297118272872666 91.0
270.1289070891979 304.0
651.8192356518007 683.0
206.71255243886657 243.0
431.68947595061474 465.0
202.86565138934392 241.0
131.8440549221962 165.0
525.5712919096248 562.0
149.86068245262413 191.0
102.73574500881273 131.0
407.38917886705974 440.0
72.55819350071627 106.0
273.9246561264919 302.0
353.7428788076965 380.0
475.5668437938152 513.0
640.8307696573511 673.0
12.372874721159947 56.0
356.7482483224012 391.0
597.7339890389534 628.0
188.25053880317944 216.0
270.0054492176711 312.0
490.39590495420236 527.0
519.9318417095169 552.0
489.5774679778772 528.0
549.1450730240498 577.0
500.96631751441663 529.0
464.3279479296214 503.0
91.44613760182884 125.0
548.7325932158378 581.0
358.7176415592445 398.0
64.76509492247517 101.0
623.4784764547949 649.0
148.86166965080508 185.0
476.0073503561523 507.0
195.69549590718213 237.0
178.66613570106782 210.0
0.0 720.0
0.0 720.0
0.0 720.0
0.0 720.0
0.0 720.0
0.0 720.0
0.0 720.0
0.0 720.0
0.0 720.0
0.0 720.0
0.0 720.0
0.0 720.0
0.0 720.0
0.0 720.0
0.0 720.0
0.0 720.0
0.0 720.0
5.656854249492381 714.3431457505076
5.656854249492381 714.3431457505076
