134.0 167.80767830162125
345.0 383.8889763541613
19.0 46.86801386295214
236.0 275.235940579765
273.0 309.6942395290979
147.0 183.70524087149
309.0 343.47534280843314
76.0 107.03106786472209
186.0 220.07675359611437
313.0 349.69837383400096
80.0 109.77614707112552
310.0 350.7455355213611
70.0 103.27522921332788
337.0 364.81562520776504
327.0 361.6030642975923
119.0 153.83565442342694
114.0 144.14850388007997
413.0 440.8622481929513
247.0 287.3306458690735
137.0 179.89879724919274
148.0 186.29186396977522
262.0 294.39511757294025
409.0 440.79755015158173
409.0 445.27182894301444
428.0 458.5527512653793
17.0 55.95048150676436
420.0 451.56086572728736
179.0 208.7991039737784
89.0 121.47947884471257
371.0 402.0300338940998
196.0 234.54409959804212
13.0 56.018189464151526
46.0 61.0
58.0 73.0
160.0 175.0
191.0 206.0
46.0 61.0
138.0 153.0
366.0 381.0
171.0 186.0
247.0 262.0
276.0 291.0
129.0 144.0
87.0 102.0
3.0 18.0
111.0 126.0
218.0 233.0
87.0 102.0
190.0 205.0
387.0 402.0
293.0 308.0
73.0 88.0
256.0 271.0
388.0 403.0
4.0 19.0
76.0 91.0
104.0 119.0
268.0 283.0
169.0 184.0
382.0 397.0
248.0 263.0
312.0 327.0
241.0 256.0
43.0 58.0
167.0 182.0
378.0 393.0
52.0 67.0
269.0 284.0
306.0 321.0
180.0 195.0
342.0 357.0
109.0 124.0
219.0 234.0
346.0 361.0
113.0 128.0
343.0 358.0
103.0 118.0
370.0 385.0
360.0 375.0
152.0 167.0
147.0 162.0
446.0 461.0
280.0 295.0
170.0 185.0
181.0 196.0
295.0 310.0
442.0 457.0
442.0 457.0
461.0 476.0
50.0 65.0
453.0 468.0
212.0 227.0
122.0 137.0
404.0 419.0
229.0 244.0
46.0 61.0
52.8825275272688 94.0
76.72272511366907 106.0
171.37561490279967 208.0
202.5280692422142 239.0
60.742279548707735 94.0
147.42981998192795 186.0
373.8763482238249 414.0
177.53083446227657 219.0
266.95626020088156 295.0
283.32636394678025 324.0
137.76071045965688 177.0
108.45235686843282 135.0
9.624656811340902 51.0
115.7055374519488 159.0
232.64433136766556 266.0
103.38510892746115 135.0
209.4745626952584 238.0
403.4401063239842 435.0
307.644085408481 341.0
83.89691338435468 121.0
276.8077738080873 304.0
395.4706434659901 436.0
12.74005374539298 52.0
103.69558118368548 124.0
120.99852681534739 152.0
272.7428611533912 316.0
175.21291207473843 217.0
399.07181100640565 430.0
264.09804909137233 296.0
319.6465007263531 360.0
250.32804456368632 289.0
51.87146744860261 91.0
0.0 480.0
0.0 480.0
0.0 480.0
0.0 480.0
0.0 480.0
0.0 480.0
0.0 480.0
0.0 480.0
0.0 480.0
0.0 480.0
0.0 480.0
0.0 480.0
0.0 480.0
0.0 480.0
0.0 480.0
0.0 480.0
0.0 480.0
0.0 480.0
0.0 480.0
5.656854249492381 474.34314575050763
5.656854249492381 474.34314575050763
