550.0 580.7258597106515
174.0 215.4869796470843
233.0 263.1450849884626
533.0 567.4011385045374
205.0 240.46947572271074
51.0 92.37413044911983
243.0 270.64095935830557
525.0 559.3973763152699
326.0 359.55612071891704
488.0 520.5472142072547
147.0 183.94571387396746
403.0 444.253480281648
204.0 238.15951195748087
374.0 406.5841383706164
460.0 497.3199285810612
39.0 70.92199403578665
363.0 401.69057054877385
418.0 457.39835372412716
313.0 349.4548201891359
193.0 225.63924884968554
527.0 560.9117755253602
526.0 564.1227713430482
403.0 442.3306564753933
532.0 569.4768593659297
227.0 263.3401830850762
216.0 253.6493017338487
299.0 333.50047620127464
319.0 354.2758255363244
215.0 245.11944893493524
35.0 64.70775954936622
29.0 59.0019456595197
546.0 577.753028270582
20.0 49.56761272518085
68.0 107.14653316401296
213.0 244.59068197110682
472.0 495.51564054946016
491.0 522.4805177244098
19.0 57.0066933429171
475.0 503.7669668576695
50.0 84.07306218558924
444.0 459.0
282.0 297.0
474.0 489.0
327.0 342.0
309.0 324.0
459.0 474.0
255.0 270.0
240.0 255.0
530.0 545.0
42.0 57.0
130.0 145.0
141.0 156.0
139.0 154.0
179.0 194.0
111.0 126.0
149.0 164.0
356.0 371.0
0.0 15.0
165.0 180.0
385.0 400.0
303.0 318.0
494.0 509.0
69.0 84.0
90.0 105.0
341.0 356.0
429.0 444.0
114.0 129.0
66.0 81.0
0.0 15.0
512.0 527.0
457.0 472.0
102.0 117.0
111.0 126.0
275.0 290.0
233.0 248.0
23.0 38.0
108.0 123.0
438.0 453.0
378.0 393.0
105.0 120.0
583.0 598.0
207.0 222.0
266.0 281.0
566.0 581.0
238.0 253.0
84.0 99.0
276.0 291.0
558.0 573.0
359.0 374.0
521.0 536.0
180.0 195.0
436.0 451.0
237.0 252.0
407.0 422.0
493.0 508.0
72.0 87.0
396.0 411.0
451.0 466.0
346.0 361.0
226.0 241.0
560.0 575.0
559.0 574.0
436.0 451.0
565.0 580.0
260.0 275.0
249.0 264.0
332.0 347.0
352.0 367.0
248.0 263.0
68.0 83.0
62.0 77.0
579.0 594.0
53.0 68.0
101.0 116.0
246.0 261.0
505.0 520.0
524.0 539.0
52.0 67.0
508.0 523.0
83.0 98.0
448.0117835736955 492.0
288.9979125803349 330.0
491.10002868791406 522.0
331.3496506955505 375.0
316.4355722291493 357.0
465.33149290859217 507.0
269.9416288671186 303.0
261.3407756106442 288.0
544.4844375134353 578.0
59.309273811063925 90.0
137.6854845000277 178.0
151.67498807816665 189.0
144.34126141214517 187.0
187.42631514012962 227.0
118.15960731319676 159.0
166.0544373775687 197.0
367.2609806318621 404.0
12.076744405347105 48.0
182.34842238714765 213.0
399.21014540494457 433.0
322.99547072016543 351.0
499.0481760178266 542.0
77.62125546475163 117.0
102.61075075111201 138.0
347.5683489179171 389.0
437.6142020804385 477.0
125.8054697205771 162.0
79.15735565981619 114.0
3.5647831442244007 48.0
520.350763403478 560.0
476.4687365939224 505.0
117.48966628857633 150.0
115.71784894562938 159.0
289.30566910890286 323.0
250.51168935720443 281.0
36.93270808171516 71.0
126.62069524701126 156.0
457.90806035593675 486.0
395.95932752499255 426.0
113.20461333818373 153.0
0.0 600.0
0.0 600.0
0.0 600.0
0.0 600.0
0.0 600.0
0.0 600.0
0.0 600.0
0.0 600.0
0.0 600.0
0.0 600.0
0.0 600.0
0.0 600.0
0.0 600.0
0.0 600.0
0.0 600.0
0.0 600.0
0.0 600.0
0.0 600.0
0.0 600.0
5.656854249492381 594.3431457505076
5.656854249492381 594.3431457505076
