435.0 468.20919917902097
610.0 638.2808456553569
542.0 568.4953316971095
63.0 99.18644396398366
576.0 602.2430053580005
117.0 148.37959501336323
324.0 352.1534743938105
181.0 221.87910871291174
558.0 593.154366450045
642.0 673.2572992101261
522.0 547.1480757607732
378.0 410.2260134257155
297.0 336.16929421081807
24.0 55.93598759951599
503.0 539.1940583694872
169.0 202.61583709708967
353.0 389.4472796725252
645.0 681.7202320684695
251.0 287.6263228507423
81.0 105.89408442771133
84.0 113.09246162978067
249.0 278.8698488771592
237.0 277.89634735875467
465.0 489.7601468137736
325.0 360.58394642113797
239.0 275.2534868661849
211.0 247.71949409758076
226.0 262.6350086072967
385.0 415.14321030639525
198.0 236.34150227153302
252.0 290.26098256420124
315.0 342.81986539633635
70.0 113.135005361938
303.0 338.0293413457285
571.0 604.0513628392189
192.0 222.15750085059796
586.0 623.702211499365
84.0 113.71099594479745
62.0 93.33076264014704
349.0 381.30642347484365
100.0 136.72407533867062
598.0 636.915769152966
485.0 520.096070981676
510.0 537.3048181699085
382.0 420.8096352288415
315.0 359.07962344662633
398.0 429.03651458266955
589.0 624.735003237993
301.0 316.0
488.0 503.0
77.0 92.0
479.0 494.0
305.0 320.0
283.0 298.0
514.0 529.0
592.0 607.0
549.0 564.0
389.0 404.0
71.0 86.0
631.0 646.0
369.0 384.0
594.0 609.0
13.0 28.0
480.0 495.0
90.0 105.0
86.0 101.0
455.0 470.0
458.0 473.0
348.0 363.0
284.0 299.0
168.0 183.0
556.0 571.0
522.0 537.0
277.0 292.0
363.0 378.0
611.0 626.0
102.0 117.0
644.0 659.0
481.0 496.0
185.0 200.0
96.0 111.0
388.0 403.0
603.0 618.0
341.0 356.0
8.0 23.0
353.0 368.0
108.0 123.0
659.0 674.0
324.0 339.0
654.0 669.0
272.0 287.0
185.0 200.0
237.0 252.0
558.0 573.0
508.0 523.0
42.0 57.0
468.0 483.0
643.0 658.0
575.0 590.0
96.0 111.0
609.0 624.0
150.0 165.0
357.0 372.0
214.0 229.0
591.0 606.0
675.0 690.0
555.0 570.0
411.0 426.0
330.0 345.0
57.0 72.0
536.0 551.0
202.0 217.0
386.0 401.0
678.0 693.0
284.0 299.0
114.0 129.0
117.0 132.0
282.0 297.0
270.0 285.0
498.0 513.0
358.0 373.0
272.0 287.0
244.0 259.0
259.0 274.0
418.0 433.0
231.0 246.0
285.0 300.0
348.0 363.0
103.0 118.0
336.0 351.0
604.0 619.0
225.0 240.0
619.0 634.0
117.0 132.0
95.0 110.0
382.0 397.0
133.0 148.0
631.0 646.0
518.0 533.0
543.0 558.0
415.0 430.0
348.0 363.0
431.0 446.0
622.0 637.0
315.6551531092474 349.0
508.38961575193656 536.0
95.52915715678091 125.0
495.21447282338573 527.0
312.8076602417392 353.0
300.34208255449676 331.0
528.84932875736 562.0
598.6242523366896 640.0
555.4465577029843 597.0
405.6252213926967 437.0
88.09696201314311 119.0
640.2970092107286 679.0
389.66223929743904 417.0
605.7371622395375 642.0
28.18117042816494 61.0
497.35464419621746 528.0
95.09295628239101 138.0
93.82279638798903 134.0
462.0558643961553 503.0
474.8516512373074 506.0
366.96368485030945 396.0
301.92279826306043 332.0
185.50009589623463 216.0
582.0924580761772 604.0
536.1689548750096 570.0
290.08857571711684 325.0
378.745560207382 411.0
624.5558955091456 659.0
123.15715864335607 150.0
665.4109343597765 692.0
496.23123922585114 529.0
198.5183178312884 233.0
112.82611131157275 144.0
395.105795538017 436.0
612.24957470553 651.0
351.70157704629383 389.0
20.19556153804649 56.0
365.9410525096692 401.0
116.73179805994593 156.0
674.5844272019032 707.0
332.6967995400927 372.0
667.685667269759 702.0
283.6298807639503 320.0
193.2482595210222 233.0
251.5418094335334 285.0
571.4085419247847 606.0
523.6591526572674 556.0
51.31226940172867 90.0
0.0 720.0
0.0 720.0
0.0 720.0
0.0 720.0
0.0 720.0
0.0 720.0
0.0 720.0
0.0 720.0
0.0 720.0
0.0 720.0
0.0 720.0
0.0 720.0
0.0 720.0
0.0 720.0
0.0 720.0
0.0 720.0
0.0 720.0
0.0 720.0
0.0 720.0
5.656854249492381 714.3431457505076
5.656854249492381 714.3431457505076
