660.0 685.3771761206497
384.0 415.5011120087616
653.0 693.9439283783444
159.0 198.40792990029632
172.0 201.4168806717012
567.0 606.5926781120411
378.0 411.66895997712476
432.0 471.46546515052984
520.0 548.8451994441281
568.0 610.2544246504604
82.0 119.15036459445409
457.0 486.9259943943224
455.0 496.56986516300015
586.0 617.749112331621
549.0 590.6222320979676
271.0 304.2505376718762
223.0 259.41272045406697
34.0 66.86342169308004
133.0 169.7135510017861
346.0 380.977954200863
530.0 567.0790635654614
34.0 61.29977299580597
504.0 540.2681826633856
418.0 449.3574814275369
418.0 455.63148468143004
276.0 315.8689677451803
39.0 65.5942731466535
628.0 662.5965770536808
555.0 589.5094823769273
309.0 324.0
221.0 236.0
552.0 567.0
78.0 93.0
609.0 624.0
193.0 208.0
467.0 482.0
368.0 383.0
478.0 493.0
392.0 407.0
154.0 169.0
84.0 99.0
544.0 559.0
181.0 196.0
1.0 16.0
342.0 357.0
449.0 464.0
32.0 47.0
508.0 523.0
6.0 21.0
310.0 325.0
57.0 72.0
509.0 524.0
395.0 410.0
492.0 507.0
340.0 355.0
322.0 337.0
11.0 26.0
281.0 296.0
326.0 341.0
356.0 371.0
693.0 708.0
417.0 432.0
686.0 701.0
192.0 207.0
205.0 220.0
600.0 615.0
411.0 426.0
465.0 480.0
553.0 568.0
601.0 616.0
115.0 130.0
490.0 505.0
488.0 503.0
619.0 634.0
582.0 597.0
304.0 319.0
256.0 271.0
67.0 82.0
166.0 181.0
379.0 394.0
563.0 578.0
67.0 82.0
537.0 552.0
451.0 466.0
451.0 466.0
309.0 324.0
72.0 87.0
661.0 676.0
588.0 603.0
319.93004999984237 357.0
232.99752966096807 269.0
557.6365871880141 600.0
92.73120010911074 126.0
617.6494817461428 657.0
206.82626828597924 241.0
475.4728147237048 515.0
387.2219186596407 416.0
497.3784146058158 526.0
402.16263415232135 440.0
171.65043374784514 202.0
97.40980523352863 132.0
559.9283228997423 592.0
195.21906101240205 229.0
14.019842813138338 49.0
347.7460243990176 390.0
463.6538517666907 497.0
50.97691537813229 80.0
532.0779363316241 556.0
13.66747212096655 54.0
326.53660141985426 358.0
67.74325235285535 105.0
520.9729685166059 557.0
401.7902743963993 443.0
497.60318958203203 540.0
345.4833735119792 388.0
340.3921020331857 370.0
24.403208062900596 59.0
287.46523664415577 329.0
338.0668288282067 374.0
361.42299071397315 404.0
0.0 720.0
0.0 720.0
0.0 720.0
0.0 720.0
0.0 720.0
0.0 720.0
0.0 720.0
0.0 720.0
0.0 720.0
0.0 720.0
0.0 720.0
5.656854249492381 714.3431457505076
5.656854249492381 714.3431457505076
