319.0 362.51034232120264
400.0 443.7749200026121
486.0 529.0788727267565
296.0 340.531940174764
456.0 499.88981983444125
234.0 278.6019824124489
85.0 128.73179812332577
86.0 130.45641008103536
42.0 86.50915379190626
535.0 578.5756404948188
560.0 603.8107145002145
393.0 436.4754266170499
264.0 308.73905364535983
314.0 358.19635517795484
336.0 379.7564534588525
400.0 443.9758271630237
445.0 488.9222569879605
50.0 93.3092812179431
555.0 599.9793844718719
15.0 59.12861202670682
301.0 344.95152491684354
610.0 654.9796039219457
177.0 221.10991180212295
647.0 662.0
328.0 343.0
175.0 190.0
418.0 433.0
230.0 245.0
298.0 313.0
304.0 319.0
588.0 603.0
382.0 397.0
498.0 513.0
97.0 112.0
87.0 102.0
651.0 666.0
655.0 670.0
325.0 340.0
655.0 670.0
648.0 663.0
380.0 395.0
299.0 314.0
113.0 128.0
449.0 464.0
177.0 192.0
147.0 162.0
127.0 142.0
465.0 480.0
352.0 367.0
433.0 448.0
519.0 534.0
329.0 344.0
489.0 504.0
267.0 282.0
118.0 133.0
119.0 134.0
75.0 90.0
568.0 583.0
593.0 608.0
426.0 441.0
297.0 312.0
347.0 362.0
369.0 384.0
433.0 448.0
478.0 493.0
83.0 98.0
588.0 603.0
48.0 63.0
334.0 349.0
643.0 658.0
210.0 225.0
651.9592779282175 695.0
332.1002458816101 376.0
178.8646964785403 223.0
422.4985743224812 466.0
234.08838090758704 278.0
301.2240089283935 346.0
308.40875334959674 352.0
591.3016819517306 636.0
386.36700585221865 430.0
502.5073078650362 546.0
101.28527195565763 145.0
90.21639085008383 135.0
654.9100247249388 699.0
659.5465057387543 703.0
329.44462209591296 373.0
659.9480800804895 703.0
652.5039511295251 696.0
384.5442166298807 428.0
303.0801351767256 347.0
117.065392415967 161.0
453.74202009173257 497.0
180.4678226159561 225.0
151.71768477899758 195.0
131.2460312997674 175.0
469.01954548696955 513.0
0.0 720.0
0.0 720.0
0.0 720.0
0.0 720.0
0.0 720.0
0.0 720.0
0.0 720.0
0.0 720.0
0.0 720.0
0.0 720.0
0.0 720.0
0.0 720.0
0.0 720.0
5.656854249492381 714.3431457505076
5.656854249492381 714.3431457505076
