672.0 716.4775270341922
575.0 618.7305418478737
421.0 465.8367517228269
401.0 444.7933878004926
633.0 676.6062378251653
330.0 373.4669230286773
434.0 477.4386041501272
231.0 274.1920937524307
352.0 395.9208818415021
85.0 128.69514866747204
177.0 221.92263075546447
329.0 372.2935856306278
117.0 160.00802484955258
445.0 489.5981928323188
210.0 253.52259653445645
302.0 346.64302381031786
516.0 560.4525833396763
574.0 618.8309645007698
496.0 540.0957323405097
408.0 452.40419969788525
344.0 387.4848679925498
669.0 712.013205345286
55.0 98.50536292030473
445.0 488.3303158981412
606.0 650.0514590151184
464.0 507.29581104334056
638.0 681.7635514567925
618.0 662.2313232148686
286.0 330.59532235050597
520.0 535.0
153.0 168.0
335.0 350.0
129.0 144.0
443.0 458.0
268.0 283.0
42.0 57.0
349.0 364.0
452.0 467.0
577.0 592.0
650.0 665.0
401.0 416.0
414.0 429.0
544.0 559.0
200.0 215.0
242.0 257.0
265.0 280.0
312.0 327.0
494.0 509.0
483.0 498.0
109.0 124.0
575.0 590.0
252.0 267.0
640.0 655.0
33.0 48.0
562.0 577.0
228.0 243.0
583.0 598.0
252.0 267.0
0.0 15.0
465.0 480.0
705.0 720.0
608.0 623.0
454.0 469.0
434.0 449.0
666.0 681.0
363.0 378.0
467.0 482.0
264.0 279.0
385.0 400.0
118.0 133.0
210.0 225.0
362.0 377.0
150.0 165.0
478.0 493.0
243.0 258.0
335.0 350.0
549.0 564.0
607.0 622.0
529.0 544.0
441.0 456.0
377.0 392.0
702.0 717.0
88.0 103.0
478.0 493.0
639.0 654.0
497.0 512.0
671.0 686.0
651.0 666.0
319.0 334.0
524.2768782244208 568.0
157.1640468203642 201.0
339.26327392120635 383.0
132.46826488230488 177.0
446.18931983519957 491.0
271.2235732542144 316.0
46.172710109106255 90.0
352.62600479231395 397.0
456.6949926253527 500.0
581.3545220559297 625.0
654.878452554631 698.0
405.1408672140087 449.0
418.93442136051067 462.0
547.5072405740868 592.0
203.83785499938833 248.0
246.16237429427875 290.0
268.7858123185596 313.0
315.01581138830085 360.0
498.0831546519311 542.0
486.2299934781684 531.0
112.36804890979325 157.0
578.0411460812229 623.0
256.42240641168405 300.0
643.1219262071911 688.0
37.818397371313544 81.0
565.5809311491046 610.0
231.75379108511575 276.0
586.884236393732 631.0
255.9773151999227 300.0
4.5541557193537585 48.0
468.32359388127713 513.0
0.0 720.0
0.0 720.0
0.0 720.0
0.0 720.0
0.0 720.0
0.0 720.0
0.0 720.0
0.0 720.0
0.0 720.0
0.0 720.0
0.0 720.0
0.0 720.0
0.0 720.0
5.656854249492381 714.3431457505076
5.656854249492381 714.3431457505076
