612.0 656.0681362760575
441.0 484.9690931176871
565.0 609.4309130119217
562.0 606.2223567656052
391.0 435.09043636836117
138.0 181.84105004422105
571.0 615.0316545038056
22.0 66.40742932910918
263.0 306.2678957883545
352.0 396.4440989296646
460.0 504.6987359961761
624.0 667.8615370010405
647.0 690.054993830344
637.0 680.9562121863137
330.0 373.53734146158445
373.0 417.4474785072054
485.0 528.5599913194706
91.0 134.86473263061075
476.0 520.0633026102311
438.0 481.73543525274505
171.0 215.55868152089448
278.0 322.8644935425893
246.0 290.57183531205857
652.0 695.2195278716026
451.0 494.19567159308514
288.0 331.6397702399962
102.0 146.10673967960062
564.0 607.8275964858462
665.0 708.1375486583537
381.0 425.89037792193176
480.0 524.7658675588476
493.0 537.8300441233731
107.0 150.8508590164823
393.0 437.2320905001239
23.0 66.47600262467418
57.0 72.0
74.0 89.0
338.0 353.0
437.0 452.0
344.0 359.0
457.0 472.0
478.0 493.0
387.0 402.0
545.0 560.0
331.0 346.0
104.0 119.0
624.0 639.0
116.0 131.0
560.0 575.0
8.0 23.0
221.0 236.0
179.0 194.0
139.0 154.0
121.0 136.0
221.0 236.0
253.0 268.0
242.0 257.0
112.0 127.0
219.0 234.0
366.0 381.0
510.0 525.0
478.0 493.0
601.0 616.0
505.0 520.0
607.0 622.0
460.0 475.0
641.0 656.0
328.0 343.0
416.0 431.0
653.0 668.0
422.0 437.0
98.0 113.0
645.0 660.0
474.0 489.0
598.0 613.0
595.0 610.0
424.0 439.0
171.0 186.0
604.0 619.0
55.0 70.0
296.0 311.0
385.0 400.0
493.0 508.0
657.0 672.0
680.0 695.0
670.0 685.0
363.0 378.0
406.0 421.0
518.0 533.0
124.0 139.0
509.0 524.0
471.0 486.0
204.0 219.0
311.0 326.0
279.0 294.0
685.0 700.0
484.0 499.0
321.0 336.0
135.0 150.0
597.0 612.0
698.0 713.0
414.0 429.0
513.0 528.0
526.0 541.0
140.0 155.0
426.0 441.0
56.0 71.0
61.56683534552933 105.0
77.20605096456944 122.0
342.9094795102331 386.0
440.55130572280723 485.0
347.07102112361827 392.0
461.40227137173946 505.0
482.18439900371453 526.0
391.12663436837335 435.0
549.1833110326537 593.0
335.58437621794826 379.0
107.52745900314622 152.0
627.2542852728728 672.0
119.22337636401375 164.0
564.7562872771845 608.0
12.327488229702999 56.0
225.31993105880574 269.0
182.07955501241278 227.0
142.30424496709065 187.0
125.29938023688219 169.0
225.52330167727868 269.0
257.9784640507222 301.0
245.13109538512091 290.0
115.94023507698873 160.0
222.94351788536306 267.0
370.62354827461337 414.0
514.0727907531294 558.0
481.49249162429425 526.0
605.5618453828724 649.0
508.47925149973685 553.0
610.4583284848228 655.0
464.7380966601429 508.0
644.1872565085652 689.0
331.89442383689163 376.0
420.72368500602636 464.0
657.1700136751338 701.0
425.5690773233929 470.0
102.23700282942279 146.0
0.0 720.0
0.0 720.0
0.0 720.0
0.0 720.0
0.0 720.0
0.0 720.0
0.0 720.0
0.0 720.0
0.0 720.0
0.0 720.0
0.0 720.0
0.0 720.0
0.0 720.0
5.656854249492381 714.3431457505076
5.656854249492381 714.3431457505076
