160.0 204.07406857705337
24.0 67.82396556172874
520.0 564.9357115873582
619.0 663.1706146854447
268.0 312.5939211899151
119.0 163.68738202227
397.0 441.7898905047362
585.0 628.4561136699873
515.0 558.1396019243183
279.0 323.6913383729713
134.0 178.59120420745805
442.0 486.8937455883269
173.0 217.7461811669714
669.0 712.4352604050514
522.0 565.296351562088
254.0 298.0982572428902
467.0 511.8871992907824
179.0 222.83543613313824
622.0 665.0884017158409
566.0 610.3251429781058
198.0 241.5737051496973
351.0 394.7760044934723
298.0 342.2129726815415
323.0 366.754681968331
445.0 489.58536160332164
589.0 632.6559940476322
345.0 389.7850534950272
650.0 665.0
621.0 636.0
84.0 99.0
470.0 485.0
146.0 161.0
477.0 492.0
362.0 377.0
438.0 453.0
257.0 272.0
138.0 153.0
234.0 249.0
15.0 30.0
451.0 466.0
260.0 275.0
514.0 529.0
493.0 508.0
630.0 645.0
178.0 193.0
29.0 44.0
146.0 161.0
574.0 589.0
259.0 274.0
104.0 119.0
263.0 278.0
18.0 33.0
636.0 651.0
462.0 477.0
265.0 280.0
262.0 277.0
193.0 208.0
57.0 72.0
553.0 568.0
652.0 667.0
301.0 316.0
152.0 167.0
430.0 445.0
618.0 633.0
548.0 563.0
312.0 327.0
167.0 182.0
475.0 490.0
206.0 221.0
702.0 717.0
555.0 570.0
287.0 302.0
500.0 515.0
212.0 227.0
655.0 670.0
599.0 614.0
231.0 246.0
384.0 399.0
331.0 346.0
356.0 371.0
478.0 493.0
622.0 637.0
378.0 393.0
654.7592569454176 698.0
624.2031772625074 669.0
88.3564973276789 132.0
473.2959763504066 518.0
149.27271963625674 194.0
481.34717667735157 525.0
366.14108194271927 410.0
442.20426284506334 486.0
261.151155940783 305.0
141.23023466289854 186.0
237.20052431274038 282.0
19.334562100465917 63.0
454.6945768495998 499.0
264.88121875389334 308.0
518.1673855404279 562.0
497.43500557490205 541.0
633.4540319372027 678.0
181.620136275346 226.0
32.506356593716326 77.0
149.9796019599817 194.0
578.9632890770338 622.0
262.2628402556687 307.0
107.79505031287334 152.0
266.2403539057307 311.0
22.294976833769624 66.0
640.9093205597803 684.0
466.3896949305513 510.0
268.23956001335785 313.0
266.3327449118267 310.0
0.0 720.0
0.0 720.0
0.0 720.0
0.0 720.0
0.0 720.0
0.0 720.0
0.0 720.0
0.0 720.0
0.0 720.0
0.0 720.0
0.0 720.0
0.0 720.0
0.0 720.0
0.0 720.0
0.0 720.0
5.656854249492381 714.3431457505076
5.656854249492381 714.3431457505076
