530.0 565.6943255483549
471.0 497.93491162490477
242.0 269.56523415700684
36.0 73.55027517286712
541.0 571.1224095364875
457.0 497.05003707084586
579.0 619.6789287207915
33.0 70.13335363703185
655.0 696.2606357492215
163.0 200.00697197552768
369.0 406.48603633226776
47.0 80.06359911866227
437.0 474.5728087408496
546.0 583.0898419737656
319.0 353.71074871528543
129.0 163.1192299904832
453.0 485.50910731772944
629.0 649.9448600087217
645.0 677.7857357978469
627.0 668.8151632694909
432.0 472.36148191768103
549.0 583.7945414115778
260.0 288.9583057004567
255.0 292.4624469487771
65.0 105.80677200715249
433.0 463.09242702516605
134.0 174.1963750146374
335.0 366.48254369343107
286.0 315.9344964571376
390.0 431.86379449015215
373.0 416.548641326205
615.0 648.9534247388614
312.0 341.5031396405594
504.0 545.6079357317409
65.0 80.0
147.0 162.0
348.0 363.0
292.0 307.0
68.0 83.0
100.0 115.0
439.0 454.0
14.0 29.0
277.0 292.0
10.0 25.0
268.0 283.0
392.0 407.0
54.0 69.0
640.0 655.0
400.0 415.0
19.0 34.0
80.0 95.0
519.0 534.0
373.0 388.0
262.0 277.0
89.0 104.0
298.0 313.0
478.0 493.0
169.0 184.0
628.0 643.0
128.0 143.0
574.0 589.0
265.0 280.0
33.0 48.0
400.0 415.0
614.0 629.0
180.0 195.0
51.0 66.0
144.0 159.0
327.0 342.0
139.0 154.0
563.0 578.0
504.0 519.0
275.0 290.0
69.0 84.0
574.0 589.0
490.0 505.0
612.0 627.0
66.0 81.0
688.0 703.0
196.0 211.0
402.0 417.0
80.0 95.0
470.0 485.0
579.0 594.0
352.0 367.0
162.0 177.0
486.0 501.0
662.0 677.0
678.0 693.0
660.0 675.0
465.0 480.0
582.0 597.0
293.0 308.0
288.0 303.0
98.0 113.0
466.0 481.0
167.0 182.0
368.0 383.0
319.0 334.0
423.0 438.0
406.0 421.0
648.0 663.0
345.0 360.0
537.0 552.0
82.18339765359485 113.0
171.3165488060333 195.0
354.6313998678196 396.0
307.99444935347395 340.0
92.42693281830137 116.0
119.65577212260062 148.0
457.4670385336043 487.0
21.938648600578908 62.0
288.89118985288246 325.0
17.907643426329994 58.0
289.96593084981595 316.0
400.3776125743679 440.0
61.48165650178592 102.0
651.0253401174032 688.0
409.41563231490085 448.0
35.947708521474055 67.0
96.31114157388464 128.0
528.2670503428646 567.0
385.2450874522635 421.0
275.0014957381384 310.0
105.10545451329331 137.0
301.26618790355684 346.0
490.440380712662 526.0
180.5202569210089 217.0
635.0830699234767 676.0
137.51593101559556 176.0
592.6885316393855 622.0
278.7341049929652 313.0
45.80678199003118 81.0
416.1524670309414 448.0
628.8639369519566 662.0
198.7959060835395 228.0
63.43556002577483 99.0
161.21201815366135 192.0
341.94099032743935 375.0
150.02617050653672 187.0
0.0 720.0
0.0 720.0
0.0 720.0
0.0 720.0
0.0 720.0
0.0 720.0
0.0 720.0
0.0 720.0
0.0 720.0
0.0 720.0
0.0 720.0
0.0 720.0
0.0 720.0
0.0 720.0
0.0 720.0
5.656854249492381 714.3431457505076
5.656854249492381 714.3431457505076
