349.0 387.86312090717115
631.0 655.1522131630237
214.0 248.07830026964666
572.0 610.9007629985383
413.0 440.67450912672314
641.0 679.9670374607495
287.0 315.23627714378455
116.0 138.12667977752247
86.0 128.27809735662717
291.0 326.507637122402
113.0 143.20179858901764
351.0 386.2655769559773
276.0 318.2882795129291
578.0 606.062791670408
177.0 203.48860534697616
646.0 677.6161752477104
80.0 118.01539621739357
299.0 334.2033329647272
531.0 568.0023522208089
240.0 272.9688437380275
475.0 511.9239670629696
113.0 155.3942690085122
37.0 65.6558352920683
410.0 439.7274322722078
503.0 533.2079366888862
243.0 277.5944210156282
211.0 236.59059176584717
187.0 226.58373615856834
99.0 137.37506732109676
293.0 331.79893355945933
501.0 539.6639745896974
385.0 411.8275744877025
167.0 203.44081288906474
180.0 219.0245418585685
606.0 634.3574206025628
77.0 110.05613860596164
460.0 489.07704424423656
22.0 51.89410571995157
13.0 53.86014251453024
321.0 360.41512533712705
204.0 230.0177899600705
438.0 453.0
74.0 89.0
127.0 142.0
245.0 260.0
187.0 202.0
536.0 551.0
334.0 349.0
391.0 406.0
418.0 433.0
628.0 643.0
40.0 55.0
335.0 350.0
479.0 494.0
290.0 305.0
482.0 497.0
259.0 274.0
25.0 40.0
434.0 449.0
206.0 221.0
56.0 71.0
502.0 517.0
36.0 51.0
161.0 176.0
14.0 29.0
181.0 196.0
56.0 71.0
378.0 393.0
19.0 34.0
643.0 658.0
328.0 343.0
436.0 451.0
12.0 27.0
187.0 202.0
586.0 601.0
534.0 549.0
507.0 522.0
494.0 509.0
448.0 463.0
385.0 400.0
467.0 482.0
631.0 646.0
348.0 363.0
102.0 117.0
382.0 397.0
664.0 679.0
247.0 262.0
605.0 620.0
446.0 461.0
674.0 689.0
320.0 335.0
149.0 164.0
119.0 134.0
324.0 339.0
146.0 161.0
384.0 399.0
309.0 324.0
611.0 626.0
210.0 225.0
679.0 694.0
113.0 128.0
332.0 347.0
564.0 579.0
273.0 288.0
508.0 523.0
146.0 161.0
70.0 85.0
443.0 458.0
536.0 551.0
276.0 291.0
244.0 259.0
220.0 235.0
132.0 147.0
326.0 341.0
534.0 549.0
418.0 433.0
200.0 215.0
213.0 228.0
639.0 654.0
110.0 125.0
493.0 508.0
55.0 70.0
46.0 61.0
354.0 369.0
237.0 252.0
448.7305594234829 486.0
92.53935725826523 122.0
132.55024567444002 175.0
258.24794076875935 293.0
200.3032874365418 235.0
552.5916536889372 584.0
341.93684615923974 382.0
400.1140524204491 439.0
434.49430198268885 466.0
635.9815919142378 676.0
61.28125734187887 88.0
342.5757528342339 383.0
491.7798725963072 527.0
295.6208735185049 338.0
491.40449474978317 530.0
269.4706950814499 307.0
44.49013781021857 73.0
447.37132942298143 482.0
223.12553694554654 254.0
70.61514735162666 104.0
519.0143392994461 550.0
55.664367074689636 84.0
171.63896040047337 209.0
25.904339896926665 62.0
193.62329449824747 229.0
69.57141471138087 104.0
394.17049991458185 426.0
26.37807743193288 67.0
649.1890445277544 691.0
332.2726932073363 376.0
448.0449208398968 484.0
24.265944150490007 60.0
207.34868136199407 235.0
598.6434780551417 634.0
548.3058252684181 582.0
525.443390981258 555.0
514.3283147766884 542.0
463.39931328743654 496.0
398.38141382471576 433.0
479.1959787407323 515.0
641.679332067309 679.0
370.2230381833882 396.0
124.76349048118777 150.0
0.0 720.0
0.0 720.0
0.0 720.0
0.0 720.0
0.0 720.0
0.0 720.0
0.0 720.0
0.0 720.0
0.0 720.0
0.0 720.0
0.0 720.0
0.0 720.0
0.0 720.0
0.0 720.0
0.0 720.0
5.656854249492381 714.3431457505076
5.656854249492381 714.3431457505076
