303.0 346.15313400594414
443.0 487.10529054995493
214.0 258.95410882437767
188.0 231.3159809977319
619.0 663.127183295302
182.0 225.7263399197588
263.0 307.9568954758755
539.0 583.7105436129569
297.0 340.6390940517435
338.0 381.70469115651906
393.0 436.9469425466766
328.0 371.12858449295726
538.0 581.3325561478719
413.0 456.3954686042336
489.0 532.7386669749824
190.0 233.31630020490587
627.0 671.7738916189081
144.0 188.43583690301475
132.0 175.98490887108596
125.0 169.19102966679858
108.0 152.33418546125816
245.0 288.25620815462395
598.0 641.9588520758317
89.0 133.87618966117483
95.0 139.68914955364355
408.0 451.2652305628701
639.0 683.8260459830875
24.0 67.06900828588003
572.0 616.8466898568261
499.0 542.5308233598372
444.0 488.4251982950617
611.0 626.0
376.0 391.0
517.0 532.0
367.0 382.0
441.0 456.0
485.0 500.0
151.0 166.0
290.0 305.0
542.0 557.0
569.0 584.0
233.0 248.0
594.0 609.0
550.0 565.0
626.0 641.0
503.0 518.0
115.0 130.0
358.0 373.0
373.0 388.0
107.0 122.0
166.0 181.0
555.0 570.0
635.0 650.0
139.0 154.0
463.0 478.0
17.0 32.0
320.0 335.0
56.0 71.0
50.0 65.0
455.0 470.0
298.0 313.0
35.0 50.0
484.0 499.0
516.0 531.0
336.0 351.0
476.0 491.0
247.0 262.0
221.0 236.0
652.0 667.0
215.0 230.0
296.0 311.0
572.0 587.0
330.0 345.0
371.0 386.0
426.0 441.0
361.0 376.0
571.0 586.0
446.0 461.0
522.0 537.0
223.0 238.0
660.0 675.0
177.0 192.0
165.0 180.0
158.0 173.0
141.0 156.0
278.0 293.0
631.0 646.0
122.0 137.0
128.0 143.0
441.0 456.0
672.0 687.0
57.0 72.0
605.0 620.0
532.0 547.0
477.0 492.0
614.1825842271392 659.0
380.1638062553535 424.0
520.3911521443122 565.0
371.94532105319405 415.0
445.6352351512856 489.0
489.7036763190231 533.0
155.03005242585024 199.0
293.80759519562713 338.0
545.0583095189485 590.0
572.8022767602268 617.0
236.4545250268137 281.0
598.6548867030706 642.0
554.7712594389304 598.0
630.0505094002435 674.0
506.8546747919531 551.0
119.87661450489972 163.0
361.8758413098273 406.0
377.1799478802049 421.0
111.33118293258289 155.0
170.71315907025587 214.0
558.5985465729582 603.0
639.406795294277 683.0
143.98858366683427 187.0
466.61194525898975 511.0
20.01649242250247 65.0
323.7872693312965 368.0
59.46391486287896 104.0
54.58872433102788 98.0
459.28743543527435 503.0
301.24570307283386 346.0
39.38905579441576 83.0
487.0414366987102 532.0
520.059955187732 564.0
0.0 720.0
0.0 720.0
0.0 720.0
0.0 720.0
0.0 720.0
0.0 720.0
0.0 720.0
0.0 720.0
0.0 720.0
0.0 720.0
0.0 720.0
0.0 720.0
0.0 720.0
0.0 720.0
0.0 720.0
0.0 720.0
0.0 720.0
5.656854249492381 714.3431457505076
5.656854249492381 714.3431457505076
