378.0 421.8984256720493
301.0 344.4675444541521
83.0 127.41907659713178
224.0 268.17171864683553
284.0 327.7365847871741
489.0 533.8930701164313
168.0 211.28187078483603
326.0 370.81304011125377
571.0 614.5283465081752
442.0 485.8317149320478
596.0 639.863946744206
312.0 355.2306879868152
157.0 201.30006214561578
459.0 502.5137476661078
499.0 543.3580802230808
223.0 267.3833599104826
300.0 343.77013008818005
583.0 626.0480489247934
647.0 690.2882567365402
91.0 135.44568600955776
496.0 540.7766706468017
314.0 357.10718833477813
309.0 353.3312122907828
217.0 261.31146968113234
545.0 588.8306959334716
593.0 636.0615519093873
479.0 522.8267779408825
63.0 107.05042641148776
234.0 277.1361496841216
330.0 373.323694538576
412.0 456.72558425701135
376.0 420.18098473762694
66.0 109.88138791352856
229.0 272.91800508319125
381.0 424.5151255945367
286.0 330.8947906848231
161.0 205.69092072214397
140.0 183.28483207819176
290.0 334.73333729169605
454.0 469.0
358.0 373.0
267.0 282.0
378.0 393.0
479.0 494.0
614.0 629.0
615.0 630.0
278.0 293.0
255.0 270.0
110.0 125.0
69.0 84.0
461.0 476.0
124.0 139.0
463.0 478.0
506.0 521.0
139.0 154.0
0.0 15.0
191.0 206.0
327.0 342.0
488.0 503.0
618.0 633.0
461.0 476.0
541.0 556.0
544.0 559.0
254.0 269.0
476.0 491.0
279.0 294.0
328.0 343.0
557.0 572.0
630.0 645.0
166.0 181.0
338.0 353.0
187.0 202.0
234.0 249.0
130.0 145.0
424.0 439.0
24.0 39.0
82.0 97.0
203.0 218.0
475.0 490.0
470.0 485.0
411.0 426.0
334.0 349.0
116.0 131.0
257.0 272.0
317.0 332.0
522.0 537.0
201.0 216.0
359.0 374.0
604.0 619.0
475.0 490.0
629.0 644.0
345.0 360.0
190.0 205.0
492.0 507.0
532.0 547.0
256.0 271.0
333.0 348.0
616.0 631.0
680.0 695.0
124.0 139.0
529.0 544.0
347.0 362.0
342.0 357.0
250.0 265.0
578.0 593.0
626.0 641.0
512.0 527.0
96.0 111.0
267.0 282.0
363.0 378.0
445.0 460.0
409.0 424.0
99.0 114.0
262.0 277.0
414.0 429.0
319.0 334.0
194.0 209.0
173.0 188.0
323.0 338.0
457.870531446876 502.0
361.45215926397674 406.0
270.32018900668197 315.0
382.0555093557141 426.0
483.14179682956296 527.0
618.0257416828812 662.0
618.7844208054355 663.0
282.36658003790484 326.0
258.26671707856826 303.0
114.93690113325384 158.0
72.91364106737821 117.0
465.44394598236914 509.0
128.71979359226623 172.0
467.4820583659222 511.0
509.368195600191 554.0
143.75713972125155 187.0
3.17464249196573 48.0
194.31759093186048 239.0
331.0460066921392 375.0
492.96098470162315 536.0
622.7423125437189 666.0
465.4543899064556 509.0
545.8957470822871 589.0
547.4864277952585 592.0
257.8013320160832 302.0
479.3511723223718 524.0
282.8190024419988 327.0
331.2257299271253 376.0
560.9523975010467 605.0
633.5985649505275 678.0
170.53061980909695 214.0
342.30770791845885 386.0
191.74592239231873 235.0
238.01168572195124 282.0
133.6888396039718 178.0
428.93923954167605 472.0
28.38387427174581 72.0
85.46142063239522 130.0
206.58180752831154 251.0
479.4524083447846 523.0
474.51791073518837 518.0
0.0 720.0
0.0 720.0
0.0 720.0
0.0 720.0
0.0 720.0
0.0 720.0
0.0 720.0
0.0 720.0
0.0 720.0
0.0 720.0
0.0 720.0
0.0 720.0
0.0 720.0
0.0 720.0
0.0 720.0
0.0 720.0
0.0 720.0
5.656854249492381 714.3431457505076
5.656854249492381 714.3431457505076
