42.0 81.70874901370196
262.0 299.7017853553078
393.0 433.3123445092456
398.0 435.431992996832
352.0 386.9621290604033
27.0 68.09791273803366
416.0 455.42139040620333
183.0 214.83659888174793
137.0 166.05812153477515
520.0 552.9118053457103
487.0 513.9750360610624
386.0 414.08985946244087
496.0 538.798271360953
199.0 232.97791775570514
139.0 181.71808852056
585.0 621.822314997507
76.0 110.56986591648986
492.0 529.0634412369088
199.0 233.2948430651391
147.0 180.94963122787297
115.0 150.9645763242668
532.0 572.479429239576
279.0 312.8464454096463
367.0 405.1699735725255
291.0 323.45091696577
323.0 358.9928394596299
526.0 558.5892744370041
505.0 548.503691876651
273.0 306.44626341827023
329.0 370.0507310803137
630.0 665.633514533188
385.0 421.22898905484664
113.0 155.63732990030348
538.0 576.9789993356586
84.0 108.83021616377607
582.0 618.7127847258563
29.0 57.46053359385497
528.0 570.303337433048
73.0 103.87257344736841
207.0 242.12247799293772
83.0 115.0994987694276
102.0 131.6843262962415
129.0 163.53251754240782
511.0 551.7807653537637
527.0 562.2657227797848
227.0 261.4285679305025
95.0 135.3162741327016
362.0 377.0
44.0 59.0
361.0 376.0
33.0 48.0
212.0 227.0
178.0 193.0
645.0 660.0
356.0 371.0
315.0 330.0
513.0 528.0
389.0 404.0
289.0 304.0
50.0 65.0
419.0 434.0
407.0 422.0
222.0 237.0
217.0 232.0
110.0 125.0
67.0 82.0
62.0 77.0
378.0 393.0
524.0 539.0
58.0 73.0
27.0 42.0
299.0 314.0
46.0 61.0
229.0 244.0
167.0 182.0
230.0 245.0
314.0 329.0
86.0 101.0
464.0 479.0
335.0 350.0
39.0 54.0
134.0 149.0
196.0 211.0
155.0 170.0
326.0 341.0
602.0 617.0
37.0 52.0
219.0 234.0
479.0 494.0
299.0 314.0
542.0 557.0
57.0 72.0
231.0 246.0
650.0 665.0
57.0 72.0
426.0 441.0
75.0 90.0
295.0 310.0
426.0 441.0
431.0 446.0
385.0 400.0
60.0 75.0
449.0 464.0
216.0 231.0
170.0 185.0
553.0 568.0
520.0 535.0
419.0 434.0
529.0 544.0
232.0 247.0
172.0 187.0
618.0 633.0
109.0 124.0
525.0 540.0
232.0 247.0
180.0 195.0
148.0 163.0
565.0 580.0
312.0 327.0
400.0 415.0
324.0 339.0
356.0 371.0
559.0 574.0
538.0 553.0
306.0 321.0
362.0 377.0
663.0 678.0
418.0 433.0
146.0 161.0
571.0 586.0
117.0 132.0
615.0 630.0
62.0 77.0
561.0 576.0
106.0 121.0
240.0 255.0
116.0 131.0
135.0 150.0
162.0 177.0
544.0 559.0
560.0 575.0
260.0 275.0
128.0 143.0
378.96321982925144 410.0
67.39037150225568 92.0
379.9859809833491 409.0
62.16811666895423 81.0
232.8587164712361 260.0
194.01264385127018 226.0
658.1040714565961 693.0
365.04763796866183 404.0
332.40252786839864 363.0
522.5420734480743 561.0
397.8301304445098 437.0
310.0670668621113 337.0
66.2505408568858 98.0
440.11150534881074 467.0
423.3059984217645 455.0
235.6927323449154 270.0
228.12459402062652 265.0
129.83371456333984 158.0
79.7910124604149 115.0
70.14237027060479 110.0
390.07898860005895 426.0
543.7717020305037 572.0
80.21520005100129 106.0
38.17463424258236 75.0
305.65050256814044 347.0
62.612468549091304 94.0
244.43137973034368 277.0
179.07504187318165 215.0
246.9252909843924 278.0
325.82707409054666 362.0
93.7650163693318 134.0
482.9414138645228 512.0
351.21242782383314 383.0
45.126951390731875 87.0
150.7504697374308 182.0
214.9705269167927 244.0
165.489148015629 203.0
345.2152984863061 374.0
615.3179574044478 650.0
43.0080309173943 85.0
229.18453742421877 267.0
486.8557146744841 527.0
316.62202137188973 347.0
549.9000979582045 590.0
73.02060037018262 105.0
249.01731084448878 279.0
672.6787074016562 698.0
72.78232126806395 105.0
434.9251372979873 474.0
0.0 720.0
0.0 720.0
0.0 720.0
0.0 720.0
0.0 720.0
0.0 720.0
0.0 720.0
0.0 720.0
0.0 720.0
0.0 720.0
0.0 720.0
0.0 720.0
0.0 720.0
0.0 720.0
0.0 720.0
0.0 720.0
0.0 720.0
5.656854249492381 714.3431457505076
5.656854249492381 714.3431457505076
